0.00122 9.74571 -0.1076 -0.548188 0.0381 9.58436
0.00122 9.80286 -0.032895 -0.380481 -0.0252 9.78448
0.00256 11.4703 0.10073 0.49196 0.0545 11.8161
0.00256 11.4919 0.12247 0.71261 0.0622 11.8801
0.00299 11.5227 -0.111684 -1.61803 0.065 11.5334
0.00317 11.5416 -0.005137 -0.445048 0.0206 11.6644
0.00331 11.2074 -0.104394 0.51292 0.0298 10.8911
0.00331 11.2998 -0.157707 0.63346 0.0727 10.8438
0.00331 11.1483 -0.125638 0.61655 0.0516 10.7729
0.00331 11.2577 -0.096025 0.81895 0.0216 10.914
0.00333 12.2481 0.074105 -0.131083 -0.0773 12.4717
0.00349 12.5403 0.011283 -0.334036 -0.0499 12.627
0.00349 12.2437 -0.118814 -0.45159 0.055 12.0503
0.00359 12.4439 -0.00619 0.62892 0.0183 12.4026
0.00384 11.7469 0.072389 -0.042209 0.0574 12.0868
0.00407 12.1403 -0.059471 -0.103725 -0.0086 12.0155
0.00407 12.1249 -0.076884 -0.01756 0.0385 11.9807
0.00432 12.246 0.073845 0.87178 0.0396 12.4377
0.00432 12.3081 0.068782 1.17027 0.0479 12.4484
0.00465 12.6779 -0.06558 -1.27917 0.0348 12.751
0.00465 12.78 -0.128403 -1.16357 0.0858 12.6928
0.00482 11.9946 -0.010995 -1.1428 -0.0345 12.1471
0.00483 11.8801 0.047577 1.49515 -0.0671 11.7919
0.00483 12.3995 0.003067 -2.22068 -0.0405 12.7485
0.00483 11.9704 -0.036256 1.1575 -0.029 11.711
0.00483 12.087 -0.029989 -1.67481 -0.0201 12.2736
0.00483 12.5105 -0.018119 -2.28189 -0.0296 12.8139
0.00488 12.1943 0.04414 -1.16422 -0.0595 12.4955
0.00488 12.286 -0.068708 -0.994481 0.0024 12.2751
0.00538 12.3982 -0.026951 -1.02192 -0.0247 12.4933
0.00548 12.4752 -0.118271 -1.12558 0.073 12.401
0.0057 12.6587 -0.05311 -1.69279 -0.0048 12.7918
0.0057 12.6455 -0.006916 -1.47692 -0.0227 12.8717
0.00571 12.4269 0.017138 0.10543 -0.053 12.4637
0.00571 12.3762 0.046871 0.056985 -0.0665 12.4987
0.00587 12.4873 0.021825 -1.37417 0.0225 12.8324
0.00588 12.9292 -0.072951 0.43761 0.0042 12.6957
0.00592 13.2155 -0.049813 -2.13402 0.0345 13.4632
0.00602 12.6874 -0.067297 0.39823 -0.0045 12.4685
0.00602 12.8136 -0.111964 0.59016 0.0355 12.4682
0.00602 12.6572 -0.112311 0.12088 0.0384 12.3829
0.00616 11.6549 0.1611 -1.15194 -0.1001 12.2753
0.00616 11.9327 0.021185 -0.285563 -0.0546 12.0382
0.00625 12.8137 -0.019682 -0.533099 -0.0342 12.8497
0.00625 12.7493 0.031581 -0.444525 -0.0587 12.9062
0.00625 12.8469 -0.046439 -0.558 -0.015 12.8231
0.00625 12.7807 0.014649 -0.393072 -0.0512 12.8851
0.0063 12.8224 0.20908 0.20586 0.0868 13.5777
0.0063 12.8313 0.20677 0.23463 0.0863 13.5748
0.0063 12.7673 0.22565 0.27267 0.0932 13.5704
0.00631 13.5803 0.22921 0.56097 0.1407 14.3994
0.00634 13.1471 0.057169 -2.41089 -0.0621 13.6699
0.00648 13.2078 -0.02786 0.11525 -0.0305 13.1265
0.00648 13.1808 -0.025372 0.11384 -0.0219 13.1161
0.00665 12.4791 0.23825 0.33528 0.1111 13.3299
0.00668 11.9687 -0.056402 -1.89667 0.0352 12.1617
0.00673 13.1063 0.036406 1.20311 -0.0653 13.0285
0.00676 12.7203 -0.076722 -1.07643 0.0416 12.7358
0.00677 12.9421 0.03324 0.26056 -0.0612 12.9977
0.00677 12.9199 0.071172 0.47218 -0.0476 13.0751
0.00677 12.9518 0.058715 0.35115 -0.0735 13.0604
0.00692 13.1875 0.020575 -0.216055 -0.0545 13.2809
0.0071 13.0663 -0.050515 -0.060167 0.0233 12.9947
0.0071 13.0797 -0.047291 -0.126135 0.0221 13.0265
0.0071 13.0691 -0.036954 -0.06305 0.0176 13.0342
0.00719 13.1893 -0.109612 0.093397 0.0569 12.9459
0.00719 13.2112 -0.13675 0.062106 0.0807 12.9122
0.00747 13.5413 -0.141147 0.25827 0.0783 13.1974
0.00747 13.4893 -0.12265 0.23579 0.0694 13.1971
0.00747 13.5155 -0.110323 0.24375 0.057 13.2478
0.0075 13.0782 -0.056178 -1.85633 -0.0022 13.2285
0.0075 13.0468 -0.020652 -1.66449 -0.028 13.2529
0.00795 13.3888 -0.021355 0.52479 0.0138 13.3116
0.00814 13.4634 0.013961 -0.603336 -0.0501 13.5979
0.00814 13.3621 0.054455 -0.773787 -0.0642 13.6328
0.00814 13.4562 -0.047757 -0.022119 -0.0168 13.3474
0.00815 13.1181 0.05406 1.2958 0.0446 13.1911
0.00815 13.4904 -0.087219 1.07171 0.0381 13.1531
0.00815 13.4177 -0.07554 1.24376 0.0289 13.0819
0.00817 13.1925 0.20665 -0.347761 0.1023 14.0375
0.00818 13.231 -0.066488 0.72785 -0.0066 12.9639
0.00821 13.9608 0.008581 -1.09686 0.0219 14.2234
0.00838 13.268 0.19613 -0.732548 0.0957 14.1307
0.00838 13.4392 0.13057 -0.570744 0.0862 14.0657
0.00855 13.4398 0.097961 -0.375732 -0.0829 13.7677
0.00855 13.599 0.08768 -0.431319 -0.0788 13.9074
0.00857 13.4997 -0.055198 -0.714413 0.0014 13.4883
0.00861 13.4693 0.028562 -0.210958 0.0525 13.6936
0.00863 13.1214 0.003104 -1.79912 -0.0401 13.4087
0.00863 13.1415 -0.022537 -1.86653 -0.0272 13.3723
0.00863 13.082 -0.003383 -1.92038 -0.037 13.3703
0.00864 13.1668 0.11503 -0.05696 0.0743 13.6576
0.00883 13.6086 -0.106243 -1.58896 0.062 13.6289
0.00906 13.546 0.044488 -0.928371 0.0315 13.9045
0.00906 13.4968 0.10329 -0.900619 0.056 14.0574
0.00925 13.6384 -0.025522 -1.3074 0.0225 13.8273
0.00925 13.6443 -0.028804 -1.58877 0.0263 13.8683
0.00925 13.6629 -0.026824 -1.50889 0.0238 13.8788
0.00935 13.0823 0.054048 -0.33302 0.0459 13.3968
0.00954 13.7869 -0.044825 0.023621 -0.0189 13.6783
0.00954 13.9605 -0.108916 0.28727 0.035 13.6687
0.00954 13.9779 -0.067624 -0.602515 -0.0009 13.9092
0.00954 13.9939 -0.034493 -0.375911 -0.0241 13.971
0.00957 13.648 -0.017189 -0.284682 -0.0372 13.652
0.00957 13.6124 0.052879 0.071339 -0.0691 13.7487
0.00966 13.5499 0.038991 1.23442 0.0339 13.5746
0.00966 13.6635 0.032615 1.62734 0.0189 13.5956
0.00993 14.2223 0.01258 0.64439 0.0245 14.243
0.00996 13.3927 0.16089 -0.148529 -0.108 13.8566
0.00996 13.4928 0.11483 0.26874 -0.0923 13.7683
0.00996 13.6485 0.037139 0.35708 -0.0636 13.6995
0.01016 13.5264 0.008178 0.35982 -0.0502 13.5008
0.01017 13.6652 0.040623 0.11098 0.0373 13.8642
0.01017 13.7144 0.038135 0.16103 0.0351 13.8961
0.01026 14.0848 0.009596 -1.33873 -0.0442 14.3202
0.01026 13.9723 0.010704 -1.4709 -0.0444 14.2304
0.01028 14.0258 -0.095147 -1.68127 0.0319 14.0639
0.01042 13.8706 -0.00638 -0.181708 0.0193 13.9494
0.01044 13.8339 0.045569 0.24592 0.038 14.0289
0.01061 14.1276 0.077144 -0.125605 -0.0784 14.3586
0.01061 14.0401 0.006885 -0.883313 -0.0451 14.199
0.01073 13.8551 0.077583 0.39341 0.0502 14.1396
0.01079 13.8153 0.085938 -0.609001 -0.076 14.1473
0.01079 13.9279 0.11153 0.73924 0.0571 14.2732
0.01096 14.3179 -0.031719 -1.97973 0.0376 14.6019
0.01114 14.4807 0.023414 -2.41474 -0.0481 14.9136
0.01114 14.3839 0.019191 -2.15768 -0.049 14.7649
0.01122 14.5817 0.012558 -2.46319 0.0375 15.0738
0.01122 14.1806 -0.036939 -0.341166 0.0182 14.1873
0.01122 14.2417 -0.092801 -0.40726 0.0493 14.1166
0.01155 14.3303 -0.048333 -1.00248 0.0274 14.4086
0.01195 14.2444 -0.084504 0.41451 0.0392 14.0135
0.01213 14.6253 0.041271 0.12432 0.0376 14.8246
0.0122 14.4493 -0.120964 -1.33511 0.0795 14.4042
0.01233 14.4873 -0.068675 -2.58836 0.0075 14.7167
0.01246 14.5756 0.013559 -2.23955 -0.0456 14.9547
0.01258 14.455 -0.09141 -1.46565 0.0287 14.4697
0.01258 14.4716 -0.073286 -1.30067 0.0137 14.503
0.01259 14.3344 -0.054923 -0.139165 0.0256 14.2631
0.01259 14.2648 -0.036886 -0.087808 0.0176 14.2337
0.01279 14.4962 0.14144 -0.922972 -0.0945 15.0276
0.01283 14.3835 0.000829 -0.894852 0.0222 14.5927
0.01283 14.2498 0.060154 -0.953229 0.0367 14.6655
0.01303 14.4825 -0.023595 -0.513534 -0.0325 14.5052
0.01303 14.5077 -0.094135 -0.93035 0.0291 14.4353
0.01304 14.3222 0.050626 -0.52942 -0.0391 14.5702
0.01304 14.3143 0.058475 -0.79384 -0.0653 14.5993
0.01312 14.267 -0.028732 0.82043 -0.0328 14.0767
0.01312 14.2187 0.011228 0.86663 -0.0544 14.1235
0.01325 14.7152 0.0991 -2.30035 -0.0774 15.336
0.01325 14.7316 0.095255 -2.06693 -0.0777 15.3058
0.01325 14.6717 0.10594 -2.20461 -0.079 15.2979
0.01375 14.544 -0.129604 -1.38336 0.0692 14.469
0.01375 14.5153 -0.107777 -1.24313 0.0423 14.4601
0.01375 14.519 -0.131478 -1.47007 0.0712 14.4529
0.01376 14.5119 0.016054 -1.75207 0.0291 14.9015
0.01386 14.4211 -0.005726 -2.14639 0.0332 14.8056
0.01388 14.4438 -0.130405 -0.284092 0.0652 14.2
0.01389 14.5523 0.019292 0.54421 0.0257 14.6098
0.01389 14.4121 -0.002704 -0.329226 0.0212 14.5259
0.01411 14.5676 -0.093154 0.47579 0.0497 14.3115
0.01424 14.5914 -0.102335 0.83157 0.0552 14.2599
0.01442 14.7657 0.13431 -0.756322 -0.0993 15.2457
0.01442 14.7719 0.22174 -0.394289 -0.1458 15.4224
0.01442 15.0836 0.15106 0.72372 0.0696 15.566
0.01442 14.9251 0.20417 0.56794 0.0954 15.6204
0.01442 14.999 0.20709 0.54711 0.0956 15.7066
0.01446 14.6548 -0.059252 -2.01175 0.0341 14.8549
0.0145 14.9197 0.090675 -1.37917 0.0408 15.4968
0.01453 14.4996 -0.102076 -0.740468 0.0334 14.379
0.0146 14.6296 -0.042029 -1.23185 0.0256 14.7594
0.01462 14.6723 -0.032005 -0.19694 0.0141 14.6689
0.01463 14.5023 0.19426 -1.12409 0.0585 15.3797
0.01463 14.4659 0.22259 -1.1289 0.057 15.4302
0.01467 14.6386 -0.055329 0.7426 0.0191 14.4295
0.01472 14.5364 0.20583 -0.556908 0.0667 15.3742
0.01484 14.7579 -0.114348 -2.12328 0.0712 14.8412
0.01492 14.9372 0.093402 -2.55527 0.0811 15.7365
0.01493 14.5994 0.018123 0.20649 0.0192 14.6965
0.01499 14.721 -0.141785 -1.31973 0.097 14.6267
0.01499 14.6731 -0.101843 -1.37084 0.0588 14.6716
0.01515 14.6347 0.11801 -0.553543 -0.0944 15.0393
0.01519 14.9263 0.01664 -0.493131 0.0212 15.1241
0.01525 14.5176 -0.002342 0.60274 0.039 14.5129
0.01529 14.7804 0.013618 0.10511 0.0439 14.9033
0.01542 15.0896 0.04603 -0.04908 0.0653 15.3569
0.01543 14.8214 0.048315 0.046602 0.068 15.0843
0.01546 14.7801 -0.132291 0.57382 0.077 14.4158
0.01549 15.0202 0.091116 -1.45096 -0.0816 15.4868
0.0155 15.0051 -0.067445 -1.85693 0.0041 15.127
0.0155 14.9582 -0.035134 -1.52281 -0.0184 15.1082
0.0155 14.7464 -0.050739 -0.766449 0.0236 14.7785
0.0155 14.6322 0.006147 -0.964751 0.018 14.864
0.01557 14.5372 -0.032722 0.91446 -0.0316 14.3219
0.01557 14.5542 -0.054393 0.86688 -0.0164 14.2942
0.01562 14.9202 0.07238 -0.936791 -0.0729 15.2617
0.01562 14.8772 0.12997 -0.763005 -0.0983 15.3457
0.01565 15.0787 0.001725 1.06352 0.0176 14.9971
0.01576 14.9127 0.0068 -0.524383 -0.0494 15.014
0.01578 14.7456 -0.149074 -1.25264 0.0877 14.6096
0.01578 14.8167 -0.141115 -1.76294 0.0808 14.7736
0.01581 14.7396 -0.086914 0.88145 0.0129 14.4061
0.01581 14.6474 -0.018974 0.53614 -0.0406 14.5214
0.01587 15.1386 0.027876 -1.58413 -0.0376 15.4733
0.01588 14.7757 -0.101615 0.30392 0.0277 14.4968
0.0159 14.9133 -0.073609 1.57087 -0.0013 14.505
0.0159 14.8793 -0.106794 1.17396 0.0296 14.4579
0.0159 14.7799 0.012312 0.52807 0.0186 14.8111
0.01603 14.8532 -0.066181 1.26874 0.0208 14.5345
0.01652 15.1607 0.24779 -1.30935 -0.1606 16.0119
0.01652 14.7469 0.10814 -1.28649 -0.0902 15.2333
0.01656 14.9078 -0.032516 0.55558 0.0141 14.7918
0.01657 14.7196 0.11788 -0.184161 0.0578 15.2215
0.01662 15.0263 -0.086667 -0.120328 0.0163 14.8448
0.01666 15.0878 -0.077829 0.51566 0.0064 14.8299
0.01671 14.6455 -0.02286 0.12662 0.0261 14.6347
0.01678 14.9149 -0.020215 -0.877386 0.0195 15.0537
0.01682 15.2119 0.11732 0.56889 -0.1013 15.4419
0.01682 15.2811 0.062705 0.39336 -0.0785 15.3909
0.01682 14.7143 -0.099458 -1.98709 0.0397 14.792
0.0169 14.588 -0.063568 -1.01696 -0.0016 14.5923
0.0169 14.6445 -0.110187 -1.19643 0.0434 14.5761
0.01692 15.2364 -0.042266 -1.47904 0.0289 15.4053
0.01698 15.0879 -0.101117 -1.11648 0.0561 15.0484
0.01699 14.8225 0.14673 0.70324 -0.113 15.1119
0.01705 14.9443 -0.013591 -1.06703 -0.0357 15.0764
0.01718 14.769 0.12145 -0.685997 -0.0965 15.2016
0.01718 14.9473 0.075615 -0.56437 -0.0796 15.2372
0.0172 15.3554 -0.09556 -1.45347 0.0342 15.361
0.0173 14.8906 -0.092916 -2.44176 0.0315 15.0474
0.0173 14.8987 -0.036961 -2.03848 -0.0169 15.1207
0.01733 15.1479 -0.028838 -1.55803 0.0223 15.3633
0.01733 15.2571 -0.119162 -1.64181 0.0757 15.259
0.01734 15.108 -0.05665 -1.56473 0.0313 15.2474
0.01737 15.057 0.087064 -0.695876 -0.0823 15.399
0.01737 15.0139 0.082622 -0.758244 -0.0794 15.3543
0.01743 14.5269 -0.044214 -1.27514 0.0258 14.6565
0.01747 15.0698 -0.091397 0.28118 0.0188 14.8169
0.01747 15.0603 -0.127493 0.16897 0.0569 14.7505
0.01752 14.8935 0.005479 -0.229945 -0.0508 14.946
0.01776 14.9691 0.036407 -0.229314 0.0276 15.1955
0.01778 15.0834 -0.115456 -1.58162 0.0482 15.0604
0.01778 14.9934 -0.141932 -1.52385 0.081 14.9128
0.01784 15.0409 0.064918 0.91638 -0.0808 15.0781
0.01784 14.9888 0.003457 -0.019163 -0.0502 15.0045
0.0179 15.0445 0.048082 -2.72877 0.0484 15.6965
0.01802 15.0131 0.016521 -0.983845 -0.0523 15.2094
0.01808 15.3548 -0.063684 -2.00428 0.0014 15.5074
0.01826 15.7262 -0.119693 -1.6487 0.0765 15.7283
0.01826 14.9475 0.10393 -0.582812 -0.0586 15.3487
0.01839 15.1863 -0.036481 1.34214 0.0219 14.9498
0.01855 15.239 0.067878 -2.72077 -0.0721 15.8306
0.01855 15.323 0.036997 -2.72446 -0.0596 15.8321
0.01865 15.3641 0.051027 -0.612255 -0.0695 15.5951
0.01865 15.3186 0.037895 -0.957574 -0.0425 15.5869
0.01866 15.3536 -0.006091 -1.85209 0.0228 15.6832
0.01875 15.2936 -0.035888 1.18664 -0.0306 15.0294
0.01875 15.2336 -0.084108 0.22883 0.0128 15.005
0.01905 15.1756 0.033984 0.28962 0.0478 15.3381
0.01947 15.5217 -0.078569 -2.07155 0.0175 15.6542
0.01947 15.5555 -0.077659 -2.29704 0.0175 15.7241
0.01975 15.504 -0.000986 -2.71083 -0.042 15.9113
0.01975 15.4863 -0.00913 -2.50052 -0.0379 15.8415
0.01976 15.4335 0.14796 -2.4148 0.0511 16.3508
0.01995 15.1118 0.046849 -1.42495 0.0461 15.5653
0.02001 15.4324 -0.067617 -0.988522 0.0304 15.452
0.02006 15.2591 -0.138261 0.85559 0.0863 14.8441
0.02019 15.2542 0.061724 1.25453 -0.0793 15.2331
0.02019 15.449 -0.061337 0.47147 -0.011 15.2312
0.02023 15.3465 -0.045763 -1.65658 -0.0121 15.4897
0.02023 15.2482 0.057733 -1.2573 -0.0687 15.596
0.02023 15.323 -0.043913 -1.52252 -0.0134 15.4508
0.02023 15.3952 -0.029543 -1.0906 -0.0247 15.4924
0.02024 15.7458 -0.037793 0.94186 -0.0289 15.5135
0.02034 15.5635 0.011898 0.5668 0.0159 15.585
0.02034 15.3219 0.12111 0.80402 0.1008 15.731
0.02035 15.3179 -0.106098 -1.61047 0.0401 15.3199
0.02035 15.3126 -0.10876 -1.45192 0.0424 15.2853
0.02035 15.2401 -0.0723 -1.30129 0.0058 15.2668
0.02044 15.4022 -0.082581 -1.2315 0.0441 15.425
0.02049 15.8733 0.20428 0.32293 0.062 16.5718
0.02052 15.303 0.097168 0.34806 0.0872 15.6917
0.02056 15.1638 0.034066 -1.62937 -0.0595 15.5024
0.02056 15.3117 0.063357 -1.01194 -0.0499 15.6594
0.02081 15.2333 0.1036 0.48015 0.0446 15.5799
0.02082 15.421 0.068384 -0.008507 -0.0831 15.603
0.02082 15.3819 0.10191 0.048591 -0.0977 15.6446
0.0209 15.5588 0.040127 -1.49568 0.0266 15.9826
0.02096 15.4426 -0.033095 1.19177 0.0107 15.2276
0.02106 15.4163 0.007093 -1.57505 -0.0334 15.6896
0.02116 15.122 -0.041446 -1.33321 -0.0098 15.2332
0.02116 15.5664 -0.082778 -1.18794 0.0437 15.5818
0.02118 15.865 0.090209 0.65572 0.0393 16.1389
0.02118 15.9526 0.08346 0.98431 0.0397 16.1576
0.02131 15.5031 -0.020681 -1.01193 -0.0332 15.6076
0.02131 15.4814 -0.035648 -1.09301 -0.0207 15.5641
0.02131 15.4889 -0.020625 -1.28476 -0.0309 15.6361
0.02134 15.5097 0.20266 -2.93112 -0.082 16.5392
0.02137 15.0938 0.001301 2.23755 -0.0531 14.767
0.02151 15.3369 -0.076785 0.64773 0.0294 15.0857
0.02153 15.3584 0.27395 0.26468 0.1349 16.3538
0.0217 15.5179 -0.134271 1.18661 0.0865 15.0666
0.02183 15.5053 0.12001 0.78862 -0.1052 15.7073
0.02183 15.5212 0.1084 0.74714 -0.1008 15.6977
0.02197 15.6059 -0.101113 -1.76017 0.0581 15.6634
0.02198 15.7124 -0.045292 1.00995 -0.024 15.4518
0.02203 15.4209 0.071673 -1.0611 -0.0755 15.776
0.02205 15.4947 -0.057432 -0.709364 0.0234 15.4975
0.02207 15.6317 -0.11455 0.56141 0.0585 15.3055
0.02215 15.7951 0.098219 -2.54831 -0.0624 16.4648
0.02219 15.7606 -0.18285 -1.5105 0.1244 15.5948
0.02228 15.5529 -0.032922 -1.90086 -0.0208 15.7631
0.02228 15.5704 0.00159 -1.7604 -0.0433 15.8442
0.02231 15.6715 -0.083436 -1.24683 0.0203 15.6701
0.02234 15.5197 -0.148768 0.19286 0.0955 15.1791
0.02234 15.6174 -0.090271 0.58396 0.0399 15.3444
0.02236 15.5284 -0.003168 -1.8507 0.0209 15.8649
0.02239 15.5184 0.056545 0.32303 0.0292 15.7271
0.02239 15.6073 -0.01644 0.042377 0.0116 15.6143
0.0224 15.506 0.041252 0.50832 0.0222 15.6332
0.0224 15.5467 0.033432 0.48583 0.0197 15.6505
0.02241 15.7862 -0.088084 1.46775 0.034 15.3837
0.02255 15.4776 0.00592 0.1408 0.0309 15.5584
0.02266 15.5908 -0.076928 0.9422 0.0364 15.3027
0.0227 15.6163 0.026805 -1.67036 -0.0572 15.9408
0.02273 15.4319 0.25356 -0.546957 0.0294 16.3785
0.02295 16.0155 0.030866 -1.41732 -0.0591 16.3133
0.02295 15.6054 -0.11218 1.24762 0.0565 15.1833
0.02298 15.7462 0.071239 -2.47558 -0.0785 16.3056
0.02298 15.7182 0.075158 -2.56473 -0.0803 16.3011
0.02303 15.732 -0.063076 0.78087 0.0197 15.4939
0.02307 15.5136 0.022295 -0.07521 0.0161 15.6622
0.02313 15.7695 0.084192 -1.00094 -0.0828 16.1471
0.02316 15.63 -0.090364 -1.93908 0.0511 15.7401
0.02321 15.6638 -0.113423 -0.046048 0.0592 15.4314
0.02325 15.8007 -0.010924 0.75555 0.0249 15.7328
0.02331 15.3948 -0.044303 -2.4632 -0.0136 15.66
0.02331 15.1771 0.012243 -2.79197 -0.0507 15.6285
0.02342 15.7321 0.15147 0.26837 -0.1243 16.089
0.02342 15.7551 0.057782 -0.148779 -0.0802 15.9279
0.02342 15.7253 0.056867 -0.486661 -0.0762 15.9492
0.02343 15.6052 0.00834 0.73538 -0.056 15.5189
0.02343 15.6052 -0.02851 0.70449 -0.0352 15.4303
0.02344 15.5801 0.028589 1.20679 0.0387 15.5816
0.02352 15.5861 -0.022127 0.47024 0.0112 15.5119
0.02354 15.7468 -0.016921 1.9832 0.0102 15.4645
0.02357 15.7876 -0.016581 0.34568 0.0116 15.7493
0.02357 15.6979 0.044782 0.68284 0.0214 15.8094
0.02357 15.3185 0.027298 0.80072 0.0404 15.3776
0.02365 15.7013 0.11405 -1.51814 -0.0659 16.2645
0.02369 15.69 -0.093006 -0.432206 0.046 15.5645
0.02388 15.7419 -0.015239 -1.36612 -0.0343 15.9144
0.0239 15.636 0.21149 -2.32675 0.0673 16.753
0.0239 15.741 0.044848 0.43976 0.0506 15.9178
0.02391 15.6463 -0.11565 0.52115 0.0595 15.3237
0.02401 15.8488 -0.000898 -0.498481 -0.0482 15.9238
0.02411 15.8519 -0.036617 1.22828 0.0107 15.6206
0.02411 15.2181 0.1744 -0.512147 0.0528 15.9382
0.02412 15.6252 -0.004958 -0.112692 0.0123 15.6912
0.02417 15.6891 -0.012123 0.40579 0.0118 15.6559
0.02417 15.831 -0.068213 0.53061 0.0225 15.6167
0.02428 15.9273 0.067637 -2.04912 -0.0768 16.4144
0.02429 15.8241 -0.005445 1.12918 -0.0402 15.6529
0.02432 15.7341 -0.04336 -0.782527 -0.0181 15.7497
0.02432 15.7 0.010966 -0.998087 -0.051 15.8825
0.02432 15.9787 -0.069691 0.87267 0.0296 15.7165
0.02434 15.7572 -0.060615 0.38747 0.0214 15.5864
0.02453 15.755 -0.096976 0.6502 0.0208 15.4324
0.02453 15.8216 -0.087507 1.04468 0.0122 15.4615
0.02453 15.6963 -0.070908 0.42486 -0.0053 15.4615
0.02457 15.9254 -0.125246 0.37785 0.0709 15.6057
0.02462 15.8531 -0.149234 0.31545 0.0733 15.4708
0.02462 15.7991 -0.14861 0.39564 0.0723 15.4059
0.02462 15.6368 -0.056199 0.33607 -0.0148 15.451
0.02464 15.6998 0.042876 -1.42754 -0.0645 16.0309
0.02464 15.554 -0.107568 1.00327 0.049 15.1748
0.02466 15.5582 0.09128 -0.271228 0.0649 15.9978
0.02491 15.8332 0.032819 0.33862 0.0181 15.9552
0.02494 15.9443 -0.128297 0.71544 0.0735 15.5679
0.02509 15.9622 0.037954 1.3638 0.043 15.9737
0.0251 15.5839 -0.006157 -0.13142 0.0117 15.6483
0.0251 15.5952 -0.061404 -0.689247 0.0239 15.5833
0.0251 15.826 0.026245 -1.5665 -0.0579 16.1328
0.0251 15.756 -0.113141 -0.3274 0.0594 15.5662
0.02512 15.7746 -0.006368 -0.915129 -0.0303 15.912
0.02513 15.2053 0.0523 0.21601 0.0257 15.4132
0.02517 15.6587 0.096088 0.074801 0.0361 16.0333
0.02517 15.9459 -0.033322 -0.412737 0.0135 15.9697
0.02517 15.9747 -0.077152 -0.288703 0.034 15.8651
0.02519 15.8609 -0.061326 -1.65619 -0.0022 15.9658
0.02519 15.8615 -0.038479 -1.66703 -0.018 16.0229
0.02521 15.7312 -0.10281 0.70895 0.0487 15.4098
0.02525 15.6911 -0.103208 -2.2722 0.0382 15.7978
0.02525 15.6533 0.13662 -0.318008 -0.1156 16.0595
0.02534 15.9352 -0.052867 -1.67717 -0.0035 16.0681
0.02534 15.9444 -0.091254 0.17315 0.0453 15.7344
0.02556 15.9298 0.069316 -0.609377 -0.0561 16.2304
0.02557 15.8091 -0.027287 0.62439 -0.0288 15.6562
0.02585 15.5134 0.20097 -0.676962 -0.152 16.1351
0.02591 15.8651 -0.120033 0.43188 0.0665 15.5491
0.02596 16.1484 -0.013533 -2.03886 -0.0273 16.4324
0.02598 16.0401 -0.092071 1.50783 0.0373 15.6227
0.02598 15.8551 -0.016115 1.27672 0.0096 15.6789
0.02598 15.582 0.14443 1.55227 0.0453 15.8973
0.02598 16.0581 -0.027296 -0.158018 -0.0236 16.0258
0.02626 16.0325 0.17486 -1.91661 -0.1388 16.7696
0.02626 16.0899 0.2078 -2.6789 -0.1771 17.003
0.02632 15.7693 0.16344 0.96417 0.1079 16.2928
0.02669 16.055 -0.055584 0.43692 0.0193 15.8904
0.02691 16.0158 0.015337 1.66138 -0.0653 15.8052
0.02691 16.0362 -0.046336 1.38983 -0.0256 15.7147
0.02695 15.8654 -0.023271 -1.14563 -0.0245 15.9904
0.02713 15.9983 -0.02295 -1.46792 -0.0245 16.1718
0.02714 16.0694 0.002318 -0.784696 0.0097 16.2544
0.0273 16.0362 -0.04987 0.037964 0.0186 15.9474
0.02731 16.0143 -0.07121 0.78251 0.0207 15.7518
0.02731 16.0907 0.021976 -0.065862 0.0126 16.2334
0.02731 15.8588 0.066694 -0.697511 0.012 16.2323
0.02731 15.974 0.054766 -0.210051 0.0106 16.2374
0.02736 16.06 -0.104397 0.15615 0.0288 15.7953
0.0274 16.0512 0.17494 0.24547 0.0466 16.655
0.02741 16.2706 0.053892 0.83709 -0.0599 16.3063
0.02748 15.86 -0.130216 -0.435652 0.0746 15.6486
0.02748 15.9008 -0.073397 -0.361526 0.0271 15.8067
0.02748 15.8587 -0.087572 -0.319979 0.0412 15.7287
0.02773 16.0937 0.16057 0.78114 -0.0894 16.438
0.02803 16.4728 0.23987 -2.10847 -0.2007 17.3773
0.02805 15.8776 -0.106486 -1.63665 0.0614 15.9035
0.0281 16.4209 0.065619 -1.33707 -0.079 16.7945
0.02816 16.1083 -0.098566 -0.242102 0.0514 15.943
0.02819 16.0644 -0.080131 -0.776049 0.0344 16.0179
0.0282 16.0344 0.033306 0.14953 -0.0731 16.0947
0.02823 16.2531 -0.010084 1.50904 -0.0513 16.0004
0.02823 16.3033 -0.018126 1.43934 -0.048 16.0393
0.02823 16.305 -0.022145 1.30814 -0.0449 16.051
0.02833 16.0135 -0.041435 -2.12399 -0.0169 16.2342
0.02844 16.119 -0.08227 0.14801 0.0076 15.9027
0.02844 16.0891 -0.069418 0.1767 -0.0076 15.8932
0.02849 15.8519 -0.076772 -1.27001 0.0389 15.8932
0.02849 16.1838 -0.092002 0.19622 0.0422 15.9649
0.02849 16.0383 -0.065509 -0.139414 0.0216 15.9302
0.02849 16.106 -0.070904 -0.003834 0.0235 15.9633
0.02849 15.9433 0.2265 -0.966399 0.0039 16.8426
0.02857 16.3466 0.099105 -1.88149 -0.1011 16.8819
0.02858 16.4066 -0.032273 1.97167 -0.0314 16.0369
0.02866 16.0919 0.004586 -0.440798 -0.055 16.1685
0.02866 16.1575 -0.014122 -1.53613 -0.0376 16.3552
0.02873 15.6957 0.08478 0.22754 -0.098 15.8787
0.02888 16.0233 0.10992 -2.20166 -0.1093 16.6311
0.02898 16.2249 0.16289 0.38443 -0.1428 16.5815
0.02902 15.8028 0.053166 -1.01539 -0.0604 16.109
0.02913 16.2622 0.042514 0.66261 0.0128 16.3611
0.02915 16.4418 -0.099116 1.16607 0.0472 16.0629
0.02917 15.9861 0.006798 -0.021703 -0.0456 16.0172
0.02919 16.3494 -0.033307 -1.30843 -0.023 16.4689
0.02938 16.3692 0.20461 0.97889 -0.126 16.7839
0.02938 16.219 0.064272 -0.88688 -0.0644 16.5366
0.02944 16.0231 -0.026148 -1.34003 -0.0248 16.1675
0.02947 15.8409 -0.007815 1.27062 0.0104 15.6921
0.02949 16.3549 -0.034882 -0.841401 0.0123 16.4358
0.0295 16.1108 0.086425 0.32358 0.0265 16.4092
0.02953 16.2124 -0.020436 -1.76764 -0.0311 16.4313
0.02956 16.2534 -0.056094 0.82071 0.0207 16.032
0.02969 16.0251 -0.056015 0.19005 0.0232 15.8994
0.02978 16.2485 -0.087344 0.84206 0.0342 15.9408
0.02978 16.2586 -0.115244 -2.02735 0.0455 16.2993
0.0299 16.1824 -0.062035 0.007502 0.0248 16.0666
0.02996 16.608 -0.027815 -0.316156 0.0084 16.6295
0.03012 16.2665 0.038781 -1.24846 -0.0681 16.5549
0.03012 16.2308 0.052068 -1.42181 -0.0744 16.5796
0.03012 16.2231 0.071029 -1.65809 -0.0838 16.656
0.03023 16.2655 -0.090459 -0.336729 0.0235 16.1114
0.03031 16.3012 -0.016333 1.07786 0.0136 16.1577
0.03036 16.2273 -0.127449 0.62311 0.0512 15.8449
0.03047 16.2815 0.040146 0.86084 0.015 16.3461
0.03059 16.1056 -0.09905 -1.7723 0.031 16.1442
0.03075 16.0992 0.027979 0.50174 -0.0717 16.0923
0.03076 16.3554 0.045816 -0.702146 -0.0582 16.5948
0.03083 16.2118 0.054686 1.05225 0.0399 16.3179
0.03086 16.1634 -0.076494 -1.43085 0.0124 16.2028
0.03091 16.2396 -0.069695 0.51757 -0.009 15.9911
0.03096 16.3951 -0.198625 0.16331 0.1235 15.9327
0.03108 16.6694 0.20113 -1.99511 -0.1741 17.4639
0.03108 16.153 0.16249 -0.730586 -0.1431 16.6725
0.03108 16.0844 0.25869 -0.461572 -0.2109 16.7939
0.0311 16.312 -0.037134 1.09055 0.0091 16.0978
0.03114 16.417 0.040009 1.124 -0.0777 16.3496
0.03114 16.2879 0.033608 0.83388 -0.0743 16.2469
0.03116 16.3347 -0.027281 -1.60696 -0.0284 16.5114
0.03117 16.2774 0.065589 1.3617 0.043 16.3747
0.03118 16.4145 -0.038482 -0.018273 -0.0213 16.3293
0.0312 16.2427 -0.056702 -1.2054 -0.0073 16.2903
0.0312 16.3263 -0.102398 -1.07849 0.0334 16.2545
0.0312 16.2311 -0.054047 -1.4426 -0.009 16.3202
0.03121 16.519 0.070684 0.30314 -0.0911 16.6542
0.03121 16.4898 0.083887 0.22867 -0.1 16.6678
0.03121 16.5337 0.064411 0.18417 -0.0888 16.6694
0.03132 16.3701 0.24188 -1.75496 -0.2042 17.2252
0.03143 16.3931 0.011862 -1.28742 -0.0466 16.6256
0.03143 16.3072 -0.102111 -0.127194 0.0485 16.1111
0.03147 16.6589 -0.103919 -0.777601 0.0506 16.5552
0.03148 16.4487 -0.057822 0.8256 -0.0144 16.1861
0.03148 16.454 -0.082751 -0.301281 0.0351 16.3301
0.03162 16.3944 0.03606 -0.171952 -0.0765 16.5072
0.03162 16.4317 0.023112 -0.46389 -0.0664 16.5576
0.03166 16.4749 0.013262 0.36029 -0.0634 16.4518
0.03192 16.2062 -0.039578 1.49117 0.016 15.9323
0.03201 16.2366 -0.106375 -1.42383 0.0388 16.2089
0.03236 16.4216 -0.031578 -0.409321 0.0154 16.4521
0.03255 16.323 -0.0745 0.21503 0.0314 16.1447
0.0326 16.6032 0.12338 1.00077 -0.121 16.7685
0.0326 16.6047 0.15406 1.25446 -0.1402 16.8082
0.03264 16.6278 0.044949 -1.93734 -0.0742 17.0308
0.03264 16.4126 0.14701 -2.51403 -0.1423 17.1482
0.03264 16.6552 -0.055939 -0.669639 0.0209 16.6543
0.03272 16.4108 -0.044974 -1.48661 -0.0157 16.5278
0.03272 16.3836 0.003104 -1.25791 -0.049 16.5822
0.03272 16.3901 -0.028016 -1.37868 -0.0275 16.5318
0.03282 16.3799 -0.028927 0.83599 0.0111 16.2306
0.03289 16.5851 -0.115009 0.33544 0.0555 16.2878
0.0329 16.4718 -0.08068 -0.090751 0.0054 16.2935
0.03294 16.5462 0.27902 -0.668765 -0.2153 17.3448
0.03296 16.4794 0.027296 -0.251932 -0.0006 16.6528
0.03296 16.6377 0.021543 0.42134 0.0043 16.6988
0.03298 16.3634 -0.159366 0.5932 0.0811 15.9166
0.03333 16.4113 -0.161762 -0.140482 0.0861 16.0703
0.03333 16.4738 -0.130539 -0.205011 0.0562 16.209
0.03335 16.5629 0.028141 1.79713 -0.0773 16.3599
0.03341 16.6117 -0.098536 -1.11399 0.03 16.5537
0.03341 16.5986 -0.126797 -1.16049 0.0616 16.4917
0.03371 16.5267 -0.069085 0.51225 -0.0068 16.2831
0.03373 16.576 0.15241 -1.03269 -0.1399 17.1121
0.03375 16.7699 0.048082 -1.09542 0.011 17.1435
0.03378 16.5746 0.09667 -0.735787 -0.1078 16.9267
0.03393 16.6559 0.023002 0.8864 -0.0698 16.5789
0.03403 16.5057 0.12826 0.59667 0.0296 16.8963
0.03428 16.6658 0.065043 0.81322 -0.0934 16.706
0.03428 16.6848 0.071739 0.80323 -0.097 16.7436
0.03437 16.5307 0.054822 -0.229019 -0.0673 16.7191
0.03441 16.572 0.24948 -2.29268 -0.2278 17.5063
0.03451 16.7227 0.17557 1.82151 0.0406 17.0898
0.03459 16.4818 -0.019262 -0.152679 -0.0476 16.4495
0.03479 16.6036 0.058669 -0.627251 -0.0877 16.8423
0.03491 16.6588 -0.076635 -2.07235 0.0122 16.7921
0.03512 16.6286 -0.085933 0.22915 0.0374 16.4189
0.03515 16.6407 -0.052286 -0.452709 -0.0189 16.5793
0.03516 16.5482 -0.189571 0.098192 0.1294 16.1294
0.03516 16.5508 -0.083511 0.85504 0.0319 16.2508
0.03522 16.5819 0.21412 -1.53188 -0.1832 17.3392
0.03529 16.608 -0.052529 1.54158 -0.0187 16.2518
0.03551 16.7375 0.20526 -1.39482 -0.1767 17.4537
0.03568 16.981 -0.125294 -0.139619 0.0679 16.7345
0.03576 16.7061 0.092859 -0.491218 -0.1117 17.0065
0.03576 16.9015 0.086894 -0.008242 -0.0849 17.1389
0.03583 16.6795 0.031814 -1.51339 -0.0679 16.9856
0.03585 16.2985 -0.007576 0.49532 0.0108 16.2652
0.03599 16.7379 -0.120564 0.79388 0.0439 16.3442
0.03616 16.6056 -0.070943 0.012403 0.0209 16.4577
0.03624 16.9315 -0.047187 1.50732 0.0175 16.6331
0.03635 16.7505 -0.041141 -0.590345 0.0122 16.775
0.03682 16.6752 -0.0755 0.18381 0.0275 16.4945
0.03682 16.6306 -0.090516 -0.463779 0.042 16.5136
0.03697 16.8218 -0.128394 -1.33287 0.0807 16.7545
0.03702 16.5526 0.24238 -1.4815 -0.2071 17.3659
0.03702 16.6757 0.19738 -1.20109 -0.173 17.3426
0.03702 16.8165 0.009815 -2.1933 -0.0566 17.1662
0.03702 16.827 0.18318 0.080205 0.0058 17.4398
0.03705 16.7107 -0.099791 0.52295 0.0197 16.3971
0.03707 16.7945 -0.047118 -0.520479 0.0114 16.7894
0.03725 16.7537 -0.042863 1.78553 -0.0287 16.3815
0.03725 16.7397 -0.030117 1.71263 -0.0392 16.4071
0.0373 16.6168 0.016022 -1.00742 -0.0508 16.8165
0.0374 16.7259 -0.096867 -1.00508 0.0294 16.6564
0.03753 16.696 0.056405 0.56778 0.0257 16.8648
0.03756 17.0803 -0.104639 -0.411462 0.053 16.9229
0.03756 16.9655 -0.034681 -0.553643 0.0049 16.9973
0.03787 16.7533 0.020595 -1.83186 -0.0616 17.0781
0.0379 16.8094 0.005897 -2.0681 -0.0541 17.1311
0.03796 16.8359 -0.026254 0.035543 0.0069 16.8088
0.03818 16.6408 -0.068868 -0.124259 -0.0109 16.4877
0.03818 16.6087 -0.060189 -0.531568 -0.0127 16.5407
0.03828 16.8611 -0.117726 0.49771 0.0527 16.5287
0.03834 17.2647 0.012273 1.4631 0.0132 17.1524
0.03847 16.9724 0.25164 -1.93144 -0.2292 17.8587
0.03848 17.0034 -0.139538 0.46163 0.0616 16.6178
0.03873 16.7595 -0.132215 0.71931 0.0731 16.37
0.03884 16.773 0.05253 -1.06429 -0.0701 17.0748
0.03902 16.7595 0.058849 0.19176 -0.0926 16.8729
0.03909 16.9432 0.001447 0.38124 0.0081 16.9519
0.0391 16.9595 -0.057719 2.26683 0.0284 16.5274
0.04014 17.031 -0.001615 -1.38746 -0.0485 17.2345
0.04035 17.2956 0.030005 -1.51168 -0.0666 17.5972
0.04056 16.7637 -0.094287 1.18712 0.0145 16.3639
0.04056 16.8288 -0.052499 1.50968 -0.0224 16.4737
0.04077 16.7388 -0.00329 1.11871 0.0099 16.6259
0.04089 16.8733 -0.028406 -0.724985 -0.0271 16.9177
0.04095 17.1574 -0.047302 0.71195 0.0137 16.9721
0.04099 16.7873 -0.035481 -1.16148 -0.0246 16.8767
0.04101 17.0623 -0.081271 1.11507 0.0029 16.7018
0.04167 17.3071 0.1894 -1.96997 -0.1777 18.0581
0.04222 16.9571 -0.069318 -1.72194 -0.0 17.0492
0.04258 17.2576 -0.010656 0.80842 0.0026 17.1604
0.04268 17.0401 -0.125206 -0.261406 0.0481 16.792
0.04268 16.6608 0.14909 1.55722 -0.1422 16.8023
0.04285 16.9991 -0.049623 0.94211 -0.0263 16.7327
0.04285 16.9541 -0.050188 0.93536 -0.0259 16.6875
0.04289 16.9488 -0.07832 -0.466558 0.0298 16.8576
0.04306 16.9927 -0.001683 1.47021 0.0093 16.8323
0.04349 17.1635 -0.128598 -0.263111 0.0674 16.9244
0.04349 16.9607 -0.047927 -1.89805 -0.0166 17.1283
0.04349 17.0352 -0.075568 -1.73962 0.0098 17.1204
0.04369 17.0064 -0.070549 0.40246 0.0219 16.8032
0.04408 17.0768 -0.044881 -1.55653 0.013 17.233
0.04438 17.2939 0.054703 1.47222 -0.0786 17.2196
0.04439 17.0386 0.06224 -0.1945 -0.0018 17.3103
0.0444 17.298 0.023653 -0.008455 -0.0762 17.3486
0.04464 17.2584 0.090384 -2.07243 0.0223 17.9183
0.04487 17.2035 0.011652 -0.133588 -0.0692 17.2424
0.04521 17.4336 0.17268 -2.74165 -0.173 18.2514
0.04545 17.2011 0.035848 1.28783 -0.0717 17.1026
0.04575 17.2104 -0.026552 0.42521 0.005 17.1229
0.04575 17.2609 -0.058108 0.7928 0.0172 17.0338
0.04583 16.9049 -0.11222 -1.2223 0.0569 16.8475
0.0459 17.1281 0.043621 -0.608838 -0.0703 17.3349
0.04625 17.0106 -0.011597 1.07343 0.004 16.8728
0.04631 17.2864 -0.15924 1.0445 0.0806 16.7729
0.04643 17.0717 0.0596 -1.22727 -0.0923 17.3971
0.04656 17.2551 -0.028343 -0.863374 0.0139 17.3611
0.04664 17.2183 0.069815 1.42917 -0.0976 17.1781
0.04682 17.2256 -0.116433 1.32938 0.0565 16.7783
0.04682 17.2327 -0.143532 1.28827 0.0889 16.7401
0.04691 17.5052 0.15152 -0.599325 -0.1343 17.9803
0.04738 17.3112 0.03245 -0.290903 -0.0066 17.5003
0.0476 17.3479 -0.002868 -0.651798 -0.0454 17.4422
0.04777 17.3416 -0.060972 0.34871 -0.0163 17.1377
0.04777 17.3097 -0.060006 1.35352 0.0204 16.9973
0.04819 17.2446 -0.094154 1.32221 0.0421 16.8529
0.04837 17.1205 -0.058198 -0.070478 -0.0134 16.9899
0.0486 17.0773 -0.061435 0.7562 -0.0193 16.8089
0.04865 17.388 -0.048298 -1.82133 -0.027 17.5328
0.04934 17.3467 -0.06932 -2.16797 -0.003 17.5016
0.0494 17.2161 -0.040141 -1.31125 0.0035 17.3414
0.04944 17.3298 -0.006857 -0.16718 -0.0615 17.3241
0.04985 17.3872 0.047309 -0.828686 -0.094 17.6141
0.04989 17.2184 0.00342 -1.52138 -0.0633 17.4425
0.05018 17.3163 -0.106585 -1.59626 0.0382 17.3128
0.05023 17.6053 -0.094383 0.80899 0.0403 17.2868
0.05032 17.2873 0.11931 0.61284 -0.0055 17.6127
0.05044 17.2091 0.044908 -1.50448 -0.089 17.5333
0.05049 17.2931 -0.07921 0.69604 0.0288 17.0267
0.05052 17.4506 -0.049449 -1.71892 -0.017 17.5866
0.05066 17.5993 0.13877 -0.547169 -0.0394 18.1221
0.05106 17.6274 -0.114949 0.64076 0.0533 17.2831
0.05126 17.14 -0.023174 -1.69928 0.0146 17.3861
0.05151 17.3332 -0.078777 1.2185 0.0011 16.9633
0.05194 17.5229 -0.102247 -0.650657 0.0218 17.3769
0.05202 17.6149 0.099567 0.82077 -0.1268 17.7273
0.05202 17.2903 0.13415 -1.13594 -0.1472 17.7779
0.05222 17.5881 0.077106 -0.150879 -0.1016 17.7995
0.05262 17.6614 -0.030061 1.53705 0.0082 17.4023
0.05309 17.5222 -0.060269 -0.327907 -0.0094 17.4272
0.05316 17.5944 -0.10615 -0.080844 0.0218 17.3523
0.05346 17.6101 -0.139525 0.26916 0.0602 17.2516
0.05468 17.5797 0.002451 -0.806099 -0.0544 17.7042
0.05469 17.6051 -0.131506 0.92156 0.0533 17.1682
0.05502 17.3903 -0.060611 0.75323 -0.021 17.1232
0.05541 17.6146 -0.026126 -0.205706 0.0081 17.6246
0.05614 17.5579 -0.021953 -0.067616 -0.0145 17.5379
0.05653 17.6568 -0.014706 0.1865 -0.0101 17.6261
0.05693 17.7863 0.031526 -0.052972 -0.0815 17.8625
0.05708 17.7373 -0.02589 1.61884 0.0009 17.4717
0.05728 17.8157 0.10104 0.50506 -0.1344 17.9717
0.05824 17.7291 -0.044057 -2.16098 -0.0254 17.9386
0.05824 17.6794 -0.021561 -2.38342 -0.0474 17.9693
0.0583 17.7015 -0.099359 1.1287 0.047 17.3271
0.05886 17.7272 -0.055128 1.326 -0.0203 17.3932
0.05886 17.893 -0.115505 1.74513 0.031 17.3618
0.05974 17.0471 0.078608 0.16708 -0.001 17.3169
0.06092 17.779 -0.112822 -1.26761 0.0363 17.7058
0.06099 17.9101 -0.136015 -0.455183 0.0625 17.6716
0.06099 17.9395 -0.137115 0.013388 0.0614 17.6273
0.06121 17.8853 -0.182466 -0.771196 0.131 17.6183
0.06137 17.7078 -0.006665 -0.812736 -0.0635 17.796
0.06137 17.7161 -0.015834 -0.766723 -0.0589 17.7737
0.06153 17.8217 -0.016435 1.27481 0.0034 17.6386
0.06372 18.0987 -0.046839 -0.254896 -0.0354 18.0085
0.06384 17.7667 -0.102702 0.76814 0.0452 17.4334
0.06446 17.8256 -0.138069 -1.13602 0.071 17.6896
0.06533 17.8321 -0.012542 1.75915 -0.0461 17.5401
0.06627 18.1087 -0.020643 1.37281 -0.049 17.8457
0.06654 17.9097 0.11238 -0.423267 0.0695 18.4415
0.06711 18.1707 -0.114194 0.79391 0.0545 17.8074
0.06725 17.9814 0.013964 -1.03989 -0.0803 18.1501
0.06786 18.2405 -0.147356 -0.875725 0.0877 18.0541
0.06844 17.9851 -0.166092 0.68966 0.1025 17.5247
0.06886 18.1683 -0.120727 -1.43923 0.0623 18.122
0.06897 18.0287 -0.041041 -0.597985 -0.0282 18.0142
0.07023 18.0414 0.034078 -0.323197 -0.037 18.2099
0.07056 18.0431 0.060506 -0.281662 -0.1212 18.203
0.07056 18.0245 0.060985 -0.607813 -0.1139 18.2412
0.07073 18.2257 -0.154333 0.40963 0.0827 17.8232
0.07083 18.2284 0.19617 -0.938437 -0.227 18.7988
0.07089 18.2013 0.088566 0.95018 -0.134 18.2534
0.0709 18.4761 -9.4e-05 0.45622 0.0174 18.4783
0.07091 18.1182 0.042792 0.10725 -0.0491 18.238
0.07116 18.1022 -0.007798 -2.30724 -0.1073 18.3636
0.07158 17.9964 -0.081314 0.71915 -0.0038 17.6874
0.07167 18.1625 -0.012934 -0.201739 0.0106 18.2153
0.07193 18.3088 -0.075972 1.6136 0.0363 17.9245
0.07222 18.3789 0.041465 -0.876053 -0.0737 18.615
0.07252 18.3695 -0.180099 -1.43738 0.1181 18.1952
0.07393 18.3005 -0.087634 0.59125 0.027 18.0217
0.0744 18.1816 -0.036856 -0.748829 -0.0441 18.1864
0.07446 18.1971 -0.096392 -0.890865 0.0209 18.1038
0.0752 18.2233 -0.02499 0.46915 0.0223 18.1515
0.0752 18.3126 -0.025823 0.72205 -0.0194 18.1593
0.0756 18.5612 -0.101863 1.12001 0.019 18.1524
0.07575 18.2931 -0.113501 -1.91024 0.047 18.3234
0.07588 18.3812 -0.021726 0.91969 0.0078 18.2386
0.07845 18.3185 -0.025674 0.31647 -0.0229 18.2219
0.07859 18.5785 -0.158189 0.56816 0.0833 18.1412
0.07875 18.7624 0.11553 0.62903 -0.0824 18.9969
0.07875 18.8412 0.090692 0.48448 -0.1446 18.9579
0.07895 18.3458 0.09678 -0.248002 0.0676 18.8016
0.07906 18.5313 0.10798 -0.63006 -0.0616 18.9489
0.07931 18.277 -0.017322 -0.914595 -0.0543 18.3565
0.07991 18.3473 -0.071956 -0.427538 0.02 18.2603
0.08009 18.4138 -0.074453 0.28209 -0.0076 18.1867
0.08167 18.4685 0.027176 -0.396496 0.0338 18.6972
0.08245 18.5662 0.091493 -1.01914 -0.0778 18.9741
0.08282 18.4244 0.068219 -0.063567 0.0789 18.776
0.08309 18.7409 0.041548 -1.83569 -0.0509 19.1417
0.0841 18.7156 0.13583 0.96912 -0.1663 18.8788
0.08572 18.5876 -0.039793 -0.153731 -0.0229 18.5167
0.08704 18.5954 0.0535 0.81158 -0.042 18.6515
0.0887 18.5242 0.055246 -0.551806 0.0552 18.8841
0.09039 18.6672 0.01867 0.27044 0.0148 18.7522
0.09089 18.7739 -0.101902 -0.081354 0.0367 18.5599
0.09205 18.9072 0.072885 0.32783 0.0456 19.1822
0.09293 18.9696 0.11392 1.72317 -0.0416 19.0785
0.0995 19.1847 0.010397 0.9091 0.0104 19.1455
0.10165 19.0452 -0.023302 0.63877 -0.0019 18.9294
0.10221 19.1555 0.003738 0.084611 0.0066 19.2136
0.10246 18.9981 0.017158 0.78345 0.007 18.995
0.10294 18.9285 0.044595 -0.941741 -0.0761 19.1817
0.10361 19.0808 -0.067243 -1.34728 -0.0038 19.1203
0.10374 18.9549 0.057464 0.81627 -0.0582 19.0064
0.10507 19.1765 -0.02399 1.43036 0.02 18.9637
0.10661 19.0081 -0.002417 0.73545 0.023 18.9675
0.10707 19.2094 -0.000837 -0.101771 -0.0444 19.2299
0.10711 19.1765 0.006569 -0.424628 0.0193 19.3312
0.10713 19.5271 -0.070405 -0.829043 -0.0129 19.4712
0.10774 19.2454 0.035552 0.064478 -0.0586 19.3396
0.10794 19.1487 0.00565 1.20471 0.0082 19.049
0.10908 19.1486 -0.093395 -1.94961 0.0255 19.2253
0.11001 19.3171 0.036283 0.29665 -0.0758 19.3621
0.11259 19.3684 -0.037948 0.88484 0.02 19.1929
0.11388 19.1346 0.064074 -0.737167 -0.0682 19.4256
0.1165 19.2878 -0.062751 0.017727 0.0252 19.1687
0.11653 19.3772 -0.014134 1.18355 0.0225 19.2338
0.1176 19.3197 0.041592 -0.089094 0.0384 19.5522
0.11792 19.3558 0.078972 -1.4998 -0.078 19.7957
0.11818 19.1627 -0.102471 0.79096 0.0234 18.8049
0.11901 19.3099 0.081772 -0.710055 -0.0918 19.6281
0.12014 19.3428 0.00707 0.25819 0.0219 19.4009
0.12058 19.5396 0.14487 -0.302934 -0.1046 19.9801
0.12086 19.3818 -0.099903 0.35309 0.0303 19.1035
0.12207 19.3415 -0.130952 0.72853 0.0731 18.9546
0.12231 19.3589 0.028867 -0.298396 0.0126 19.5572
0.12278 19.4323 -0.007491 0.75966 -0.0436 19.3059
0.12316 19.3437 0.071644 -0.749253 0.0375 19.7657
0.12357 19.3634 -0.036819 -0.33583 0.0146 19.3661
0.12377 19.5479 0.16435 0.71922 0.0856 20.088
0.12383 19.5712 -0.080542 0.11582 0.0206 19.3781
0.12393 19.3974 -0.000358 0.12939 -0.0474 19.3822
0.12405 19.582 -0.022316 -0.83315 0.0115 19.6998
0.12472 19.5086 -0.070705 -0.017798 -0.0054 19.3395
0.1256 19.8887 0.11269 0.37953 0.0619 20.2955
0.12623 19.2426 0.10938 -0.956571 0.0506 19.825
0.12706 19.5595 0.16215 0.89709 -0.1092 19.8717
0.1271 19.4319 0.073211 1.39569 0.0697 19.5745
0.1272 19.4899 -0.053521 1.26484 0.0287 19.2189
0.12732 19.5311 -0.022638 0.24873 0.012 19.4888
0.1292 19.5017 -0.031458 -1.67195 -0.0278 19.6757
0.12921 19.5873 0.052555 -2.5393 -0.0681 20.1088
0.1295 19.58 0.15562 0.76202 -0.1093 19.8919
0.12958 19.5899 -0.083735 -1.6309 0.0132 19.6372
0.13169 19.549 -0.072678 -1.16804 -0.0017 19.5473
0.13281 19.5311 -0.147882 0.31621 0.0484 19.128
0.13366 19.5736 0.071312 -0.905296 0.0342 20.0142
0.13372 19.5904 -0.059426 0.88393 0.0251 19.3537
0.13477 19.9836 0.00401 0.24103 -0.0535 19.9593
0.13535 19.8245 0.13004 0.89204 0.0654 20.2128
0.13614 19.7241 -0.111842 0.47577 0.035 19.3954
0.13658 19.5945 0.061157 -0.34633 -0.0782 19.8089
0.137 19.7565 0.098699 -0.212482 -0.0946 20.0509
0.13713 19.7086 0.063535 0.90996 0.0424 19.8656
0.13745 20.0981 0.019183 0.72242 0.0095 20.1128
0.13822 19.6327 -0.091214 0.56478 0.0145 19.3343
0.13826 19.6973 -0.072561 0.67029 0.0281 19.4545
0.1384 19.7699 -0.06629 0.50784 -0.0211 19.5213
0.13851 19.7871 0.14895 0.078701 0.0219 20.3104
0.13875 19.7469 -0.061299 -0.5426 -0.0107 19.6791
0.1388 19.7937 -0.074607 -1.41317 -0.0041 19.8198
0.13955 19.7683 -0.037598 -1.10837 -0.0339 19.834
0.14082 19.9245 0.038687 1.15712 -0.0543 19.8715
0.14104 20.0305 -0.071594 0.86472 -0.0031 19.7308
0.14123 19.7877 -0.005584 -1.42415 0.0037 20.0366
0.14134 19.8707 0.067004 -0.139994 0.0433 20.1943
0.14325 19.794 -0.045749 0.85923 0.0197 19.5979
0.14345 20.2624 0.21811 0.5715 0.0185 20.9235
0.14359 19.8605 -0.052167 0.98142 -0.0306 19.5762
0.14404 19.8226 0.038584 0.90707 -0.0639 19.7966
0.14423 19.763 -8e-06 0.73414 0.0095 19.7166
0.14542 19.8988 0.023015 0.80389 -0.0597 19.8441
0.14638 19.9327 -0.00667 0.78851 0.0123 19.8604
0.14652 19.905 0.00046 -0.308162 0.0035 20.0078
0.14737 19.7624 -0.011258 1.29208 0.0092 19.5986
0.14747 19.7142 -0.021491 0.79596 0.0107 19.5934
0.14771 19.881 0.041117 -1.92744 -0.0843 20.2606
0.14778 19.908 0.035097 0.60099 -0.0774 19.9028
0.14803 19.9755 -0.061076 -1.32993 -0.0122 20.023
0.14806 19.7852 -0.097744 0.61897 0.0433 19.4874
0.14834 19.7709 -0.089005 1.05148 0.005 19.3979
0.14898 19.9076 -0.022762 1.11597 0.0173 19.7422
0.1494 19.8574 -0.185917 0.67412 0.1084 19.3438
0.1505 19.8528 -0.028408 0.71049 -0.0016 19.711
0.15084 19.9157 -0.072656 -0.825438 -0.0115 19.8537
0.15195 19.7947 -0.12821 0.48801 0.0701 19.4488
0.15291 20.0709 -0.038108 0.1555 0.0077 19.9903
0.15318 19.9645 -0.132017 1.06523 0.0666 19.5181
0.15336 19.8461 0.029946 -0.040405 -0.0717 19.9253
0.15341 20.0034 0.040687 0.90998 -0.0668 19.9805
0.15357 20.1109 -0.022417 0.73651 0.0084 19.9937
0.15511 19.9546 -0.0481 1.90274 0.0357 19.6132
0.15526 20.025 -0.106952 0.53168 0.0493 19.7176
0.15536 20.1464 -0.048067 -0.586144 0.0 20.1367
0.15601 19.7174 -0.022894 1.05584 0.0141 19.5573
0.15671 19.9557 0.091214 1.04984 -0.083 20.0523
0.15856 19.8264 -0.0204 -2.62037 -0.0612 20.1411
0.15921 20.1737 -0.002896 -1.47864 0.0088 20.4441
0.15931 19.6973 -0.014442 -0.318108 -0.0486 19.7034
0.15948 19.8378 -0.00034 0.98515 -0.0465 19.6973
0.16004 19.7898 0.18093 -0.41485 -0.1146 20.3483
0.16008 19.9756 0.022923 -0.521071 -0.0724 20.1033
0.16053 19.9527 0.081374 1.3874 -0.0487 20.0034
0.16061 20.1712 -0.196539 -1.70509 0.0848 19.9523
0.16077 19.9632 0.019933 -0.229473 -0.0003 20.1108
0.16122 20.0576 0.046132 -0.240589 0.0228 20.311
0.16236 20.0722 0.003422 -0.136652 0.0013 20.1566
0.16375 20.0277 0.055899 -0.75334 -0.0953 20.2688
0.16448 20.0104 0.008116 0.52853 0.0067 20.0167
0.16471 20.0763 -0.02465 0.13877 -0.0449 19.9871
0.16495 20.0652 -0.107752 -1.41288 0.0284 20.0213
0.16603 20.2408 0.022653 -1.19771 -0.009 20.531
0.16606 19.9287 0.040491 -1.02597 -0.088 20.1697
0.16828 20.0227 -0.056428 -0.57422 -0.0196 19.9658
0.16924 20.2625 -0.014341 -0.472297 0.0024 20.3426
0.16971 20.4191 0.066589 1.11247 0.0285 20.5418
0.17042 20.2212 -0.087386 0.86254 0.0164 19.8925
0.17124 20.2894 -0.004281 0.4429 0.0094 20.2726
0.17169 20.2073 0.02034 -0.296436 0.0063 20.3726
0.17256 20.2491 -0.03095 1.24309 0.0186 20.041
0.1727 20.0146 -0.091507 0.95265 0.0084 19.6519
0.17297 20.4733 0.038294 -1.0254 0.0226 20.818
0.17331 20.1341 -0.046043 0.10905 -0.0287 19.9993
0.17374 20.2873 0.009375 -2.41302 -0.0926 20.6321
0.17378 20.0963 -0.073187 -0.260387 0.0145 19.9753
0.17392 20.3456 0.11997 -1.3803 -0.1505 20.8221
0.17417 20.3204 -0.093204 -0.675014 0.0158 20.2
0.1742 20.0787 -0.071679 0.35241 0.0235 19.881
0.17438 20.2523 -0.083311 -0.610994 0.0061 20.1434
0.17443 20.3016 0.036757 -0.19462 -0.0084 20.488
0.17444 20.2319 0.018037 0.063822 -0.0727 20.2579
0.17498 20.4904 -0.04209 -2.13552 -0.0409 20.6868
0.17666 20.2634 -0.115795 0.2335 0.0324 19.9557
0.17713 20.2565 -0.082569 -0.7975 0.0052 20.1764
0.17737 20.2241 -0.101925 0.31635 0.0205 19.9351
0.17786 20.0864 0.13563 1.85173 0.0099 20.2949
0.17791 20.3947 -0.103502 0.6175 0.0097 20.0457
0.17852 20.7139 -0.023431 0.067257 -0.0081 20.6759
0.17901 20.388 -0.019462 0.045589 -0.0509 20.3225
0.17911 20.5142 -0.099039 0.093615 0.0096 20.2561
0.17931 20.2825 0.06112 -0.084895 -0.0993 20.4371
0.17952 20.2979 0.052455 -0.438722 0.028 20.6052
0.17973 20.2989 0.028617 0.30922 -0.0814 20.3128
0.17975 20.3432 0.050812 -0.40919 -0.0696 20.5435
0.18004 20.7449 0.099535 0.52413 -0.1176 20.9102
0.1805 20.1158 -0.06891 -0.286147 -0.0128 19.9845
0.18073 20.2505 -0.06287 0.26889 -0.0223 20.0465
0.18078 20.4636 -0.164107 -0.221277 0.0622 20.1034
0.18082 20.3861 -0.032293 0.8884 -0.0387 20.1689
0.18086 20.3621 -0.064923 1.18755 0.014 20.0525
0.18092 20.3683 0.020215 0.29117 -0.0765 20.3638
0.18126 20.4055 -0.084583 -0.058569 -0.0006 20.2044
0.18136 20.2338 -0.038573 1.58154 0.0248 19.9583
0.18145 20.1423 -0.055085 -0.480363 -0.0176 20.0776
0.18217 20.3333 0.040663 -0.208196 -0.0908 20.4513
0.18229 20.2729 -0.031183 0.89187 -0.0298 20.0675
0.18231 20.4355 -0.110221 0.9614 0.0483 20.0536
0.18252 20.5291 -0.038192 1.14628 0.0142 20.3085
0.1836 20.3465 0.024238 0.34173 0.0028 20.4262
0.18375 20.427 -0.128418 0.37884 0.0639 20.0903
0.18389 20.499 -0.038296 0.54542 0.0041 20.3566
0.18402 20.543 0.019531 -0.676762 -0.083 20.6727
0.18458 20.6854 0.071635 0.47012 0.0525 20.9425
0.18459 20.5361 -0.044165 0.20985 -0.0332 20.3878
0.18484 20.4018 0.16146 -0.647946 -0.1894 20.8596
0.18493 20.36 -0.109307 -0.163539 0.028 20.1265
0.18506 20.4905 -0.078472 0.9767 0.0306 20.1867
0.18515 20.3817 -0.110554 0.81936 0.0519 20.0232
0.18522 20.2897 -0.077207 -0.815183 -0.0026 20.2211
0.18527 20.5352 -0.0322 1.23591 -0.0226 20.283
0.18667 20.5029 -0.053912 0.80934 -0.0159 20.2533
0.18728 20.5164 -0.031875 0.46489 -0.0408 20.3609
0.18809 20.4921 -0.062355 0.7476 0.0179 20.2593
0.18906 20.1854 -0.033861 0.094624 -0.0426 20.0765
0.18908 20.5559 0.064558 -0.349949 -0.0403 20.8192
0.18929 20.6829 0.005635 -1.6241 -0.0484 20.944
0.18929 20.8878 0.043902 0.18431 -0.0973 20.9515
0.18948 20.4883 0.062014 -1.40939 -0.1215 20.8189
0.18952 20.5094 -0.092961 0.73235 0.027 20.1933
0.18995 20.4756 0.069976 -0.477836 -0.1192 20.6957
0.19025 20.6277 -0.038428 1.13375 -0.0151 20.3789
0.19042 20.4362 0.14919 -0.621992 -0.184 20.8577
0.19044 20.6652 -0.082895 0.42606 0.0033 20.4018
0.19413 20.5453 -0.029701 0.003506 -0.0176 20.4877
0.19434 20.6257 0.075626 0.32908 -0.1167 20.7467
0.19546 20.8813 0.21928 -1.42751 -0.2851 21.5372
0.19553 20.4581 -0.099286 -0.740056 0.0416 20.3543
0.19557 20.6552 0.049454 0.97928 -0.079 20.637
0.19568 20.705 0.003206 -0.328952 -0.0354 20.7804
0.19616 20.4758 -0.084432 -0.201493 0.0007 20.2976
0.19621 20.5217 -0.06814 -0.68294 -0.0183 20.4459
0.19627 20.5867 -0.022972 -2.05976 -0.0375 20.8344
0.19635 20.6397 0.20559 -0.463394 -0.1344 21.2618
0.19733 20.5488 -0.147151 0.96631 0.0859 20.0895
0.19741 20.4402 -0.058195 0.92166 -0.0078 20.1689
0.19782 20.239 -0.011742 0.37169 0.013 20.2132
0.19817 20.5031 0.012668 -1.31897 -0.0923 20.697
0.19828 20.6349 -0.092458 1.29871 0.0442 20.254
0.19861 21.0716 -0.068335 0.98859 0.0266 20.7934
0.19877 20.6351 0.008214 0.35012 0.0179 20.6792
0.19878 20.636 -0.083706 0.00802 0.0228 20.4511
0.19908 20.7686 -0.03385 -0.395911 -0.0308 20.744
0.19953 20.5981 0.018744 -0.122892 0.0134 20.74
0.19961 20.4234 0.10611 -0.800981 -0.0814 20.8407
0.1997 20.6435 -0.048274 -1.49121 -0.0231 20.7435
0.20077 20.4307 0.006447 -0.229311 -0.0341 20.5028
0.20083 20.7308 -0.009623 0.83322 0.0138 20.6443
0.20087 20.5142 -0.138295 0.72474 0.0453 20.0774
0.20128 20.6045 -0.111863 -0.964653 0.0234 20.4767
0.20231 20.3654 0.016007 0.28737 -0.0182 20.4067
0.20249 20.7419 -0.047441 0.11554 -0.0361 20.5944
0.20279 20.5843 -0.027936 -1.74956 -0.0668 20.7416
0.2032 20.7128 -0.026315 -0.315612 -0.0582 20.6722
0.20329 20.6292 0.003346 1.12434 -0.0457 20.4804
0.20331 20.6747 -0.103496 -0.740612 0.0115 20.5278
0.20334 20.6805 -0.016092 0.74462 -0.0042 20.5691
0.20382 20.6511 -0.055445 0.059763 -0.0037 20.5196
0.20469 20.6279 -0.107766 -0.612498 0.0255 20.463
0.20483 20.5897 -0.03324 1.3148 -0.0124 20.333
0.20523 20.9131 -0.013866 -0.656693 -0.0704 20.9491
0.20562 20.5596 -0.070773 0.76107 0.021 20.3019
0.20691 20.6695 0.045412 0.02184 -0.0696 20.7895
0.20748 21.063 0.15242 -1.87784 -0.2417 21.6221
0.20751 20.8195 -0.059928 -1.05273 -0.0143 20.8276
0.2084 20.4769 0.16064 -1.19101 -0.233 20.9688
0.20856 20.6228 -0.063565 0.82038 -0.0073 20.3503
0.20868 20.8504 -0.034298 0.39874 0.0082 20.7462
0.2087 20.6109 -0.004374 0.48151 -0.0182 20.5606
0.20879 20.6268 -0.097862 1.42408 0.0405 20.207
0.20948 20.5883 -0.022826 -2.22105 -0.0835 20.8143
0.21015 20.8949 -0.099573 0.087898 0.0103 20.6368
0.21037 20.2013 0.009912 1.04946 0.0047 20.1342
0.21084 20.7102 -0.099308 -1.68923 0.0166 20.7213
0.21095 20.553 -0.050221 1.16426 -0.0015 20.2769
0.21114 20.7022 -0.031446 -0.841378 -0.0579 20.7236
0.21134 20.8885 0.1039 -0.160088 -0.0885 21.1973
0.21174 20.7146 0.12339 0.15361 -0.1722 20.9537
0.212 20.6606 -0.130649 1.08099 0.0891 20.2386
0.21225 20.6844 0.11949 -0.578624 -0.1787 21.0129
0.2135 20.7688 -0.007886 1.02285 -0.0428 20.6031
0.21365 20.7554 -0.020313 0.76464 -0.0478 20.5844
0.21398 20.6344 -0.022316 0.084513 -0.0314 20.5739
0.2144 20.7649 0.14984 -1.01331 -0.114 21.3161
0.21507 20.6295 0.011385 -2.07449 -0.0566 20.9666
0.21521 21.2111 -0.015316 -0.305757 -0.05 21.2112
0.21578 20.9723 -0.098723 0.68739 0.0409 20.6589
0.2165 20.5723 -0.075171 0.25057 -0.01 20.3453
0.21689 20.8142 -0.107985 0.91406 0.0569 20.4548
0.21692 20.8402 -0.099965 -0.148294 0.0251 20.6305
0.21742 20.8865 0.029676 0.54349 -0.0949 20.8556
0.21794 20.7412 -0.045648 1.023 0.018 20.5195
0.21845 20.9686 -0.003033 1.26334 0.0209 20.8461
0.21881 20.8886 -0.073011 -1.54068 -0.0048 20.9377
0.21897 20.9395 -0.137949 -1.38838 0.0625 20.8326
0.21898 20.8762 0.006675 -0.502697 -0.0671 20.9563
0.21899 20.7766 -0.104301 0.4683 0.0215 20.4589
0.21941 20.7518 0.028592 -0.86272 -0.0631 20.9568
0.2195 20.8568 -0.063961 -0.028294 -0.027 20.6886
0.21972 20.8086 -0.129253 -0.700887 0.0413 20.606
0.21978 20.8352 0.024035 -0.104958 -0.1026 20.8748
0.2199 20.9857 0.005681 0.18256 -0.0371 20.9916
0.22017 20.6698 0.083174 -1.64141 -0.182 21.0395
0.22066 20.9346 -0.001003 0.5115 -0.0266 20.8819
0.22083 20.8268 0.091001 -2.15343 -0.2119 21.2664
0.22132 20.7911 -0.034129 0.53447 -0.0388 20.6203
0.22132 20.8058 -0.121671 0.2738 0.032 20.4736
0.2215 20.9407 -0.005601 -1.59703 -0.0463 21.1651
0.22299 21.0727 0.046274 0.8684 -0.0903 21.0498
0.22349 20.8981 -0.043993 0.65798 -0.0333 20.6841
0.22385 20.7632 -0.086927 0.001523 0.0257 20.5723
0.22449 20.8763 -0.10266 0.2037 0.0447 20.6259
0.22449 20.6919 0.016198 1.20528 -0.044 20.5725
0.22493 20.8596 -0.130518 0.28942 0.0695 20.5352
0.22542 20.8961 -0.133984 1.38181 0.0804 20.4108
0.22543 20.8799 -0.041908 1.32135 0.0329 20.6407
0.22551 20.9326 -0.034412 0.71495 -0.0019 20.7712
0.22578 20.7335 -0.076474 -0.69326 0.0135 20.6652
0.22645 21.1382 -0.081993 0.26487 -0.0038 20.8941
0.22726 20.844 0.066929 1.05724 -0.0705 20.8769
0.22818 20.9706 0.028559 -0.491116 -0.065 21.1188
0.22865 20.9074 0.13764 0.0111 0.0497 21.4335
0.22928 20.9699 -0.008181 0.40235 -0.0743 20.8633
0.22978 20.8821 -0.090305 0.90942 0.0445 20.5656
0.2302 20.8753 -0.086335 -0.729683 -0.016 20.7524
0.23041 21.0532 0.12905 -0.009105 -0.1063 21.3997
0.23082 20.8187 0.27933 -0.910841 -0.2024 21.6669
0.23086 20.8519 0.06689 1.08198 -0.0876 20.8639
0.23092 21.0428 -0.050064 0.017211 0.0096 20.9475
0.23125 21.0639 -0.057488 1.16427 0.008 20.7748
0.23162 20.948 0.034078 1.32251 -0.04 20.8706
0.23164 20.8345 0.10124 -0.687451 -0.0901 21.2113
0.23205 20.9515 -0.078688 1.51449 0.0456 20.5828
0.23282 20.5811 -0.042881 0.69214 0.0 20.3988
0.23367 20.9327 0.031155 -0.180402 0.0195 21.1276
0.23378 21.1618 -0.134685 -2.41623 0.0491 21.2033
0.23391 20.9258 0.079524 0.39192 0.0508 21.217
0.23395 20.8859 -0.091091 1.14243 0.0439 20.532
0.23472 20.9382 0.17614 0.55137 -0.1251 21.3288
0.23481 21.0254 -0.035266 0.64663 0.0104 20.8838
0.23494 20.905 -0.029217 1.38593 0.0209 20.6835
0.2352 20.9099 0.041887 -1.56651 0.0192 21.3421
0.23556 20.9806 0.024006 -1.526 -0.1401 21.1923
0.23639 21.1275 -0.044342 1.111 -0.0034 20.8754
0.23662 21.0106 -0.023436 -0.382981 -0.0457 21.0014
0.23664 21.2144 -0.092387 -1.55732 -0.0029 21.208
0.23685 20.866 0.029203 0.86995 -0.0326 20.8478
0.23693 20.9749 -0.086052 -0.956479 -0.0074 20.8949
0.23721 20.9715 0.026504 -1.40015 -0.0627 21.2497
0.23746 21.4835 0.076439 -0.754654 -0.1814 21.7022
0.23789 20.9787 -0.123607 0.7009 0.0545 20.6
0.2395 20.6529 -0.036491 0.82356 -0.0339 20.437
0.23981 20.877 -0.101265 1.07573 0.0651 20.5227
0.2402 21.1317 0.084743 0.02894 -0.0895 21.3524
0.24085 21.1486 -0.067211 -0.589439 0.0068 21.0869
0.24122 21.0761 -0.080495 0.47987 -0.0048 20.804
0.24151 20.8684 -0.071702 0.82937 0.0196 20.5963
0.24164 20.919 -0.080664 1.05435 0.0475 20.614
0.2422 21.311 -0.153684 -1.04131 0.079 21.1208
0.2428 21.1687 0.015582 -0.025066 -0.1102 21.1628
0.24284 21.3204 0.073571 0.48439 0.0379 21.5668
0.24329 20.9986 -0.159331 -0.210518 0.0831 20.6725
0.24354 21.285 0.14006 -0.152066 -0.2411 21.5518
0.2441 21.0426 -0.12542 1.61576 0.1377 20.6065
0.24444 20.9534 0.036027 -1.06261 -0.1564 21.1176
0.24459 20.8733 -0.076832 1.0447 0.0447 20.5787
0.24511 21.0806 0.08696 -0.731508 -0.0954 21.4145
0.24523 21.2427 -0.036661 -0.295186 -0.0369 21.1884
0.24553 21.1052 0.063072 0.79173 -0.1149 21.121
0.24585 21.1788 0.013287 0.29723 -0.0656 21.1628
0.24617 21.0943 -0.077608 0.63307 0.0023 20.8156
0.2465 21.125 -0.15285 -0.144574 0.0767 20.8027
0.24656 21.0299 -0.049106 0.052323 -0.0302 20.8926
0.2466 21.1377 -0.009672 -0.703263 -0.0315 21.2325
0.24711 20.9453 -0.07693 -0.863268 0.0034 20.8906
0.24846 20.95 -0.0527 0.69046 -0.025 20.7126
0.2486 21.2382 -0.184623 0.54441 0.1012 20.7406
0.24861 21.1746 -0.070357 -0.069482 -0.0177 21.002
0.24862 21.1127 -0.091189 -0.109836 0.0039 20.9032
0.24865 21.0726 -0.05098 -0.242653 -0.0521 20.9511
0.24896 21.174 -0.090965 -1.31072 -0.0109 21.1276
0.24909 21.0637 -0.155379 0.22308 0.0721 20.6749
0.24972 21.4203 0.011853 1.65143 0.0304 21.2961
0.24983 21.0431 -0.140879 -0.557487 0.0623 20.8044
0.24986 21.1385 -0.150652 0.32497 0.0797 20.7568
0.25019 21.3435 -0.119087 -1.63203 0.0295 21.2979
0.25022 21.1234 -0.028349 -0.085035 -0.0001 21.1005
0.25043 21.1615 -0.148856 1.16931 0.1278 20.7089
0.25051 21.3162 -0.043457 1.28131 0.0356 21.0808
0.25063 21.0479 -0.104354 0.60718 0.0368 20.7248
0.2509 21.1343 -0.099283 0.28207 0.0323 20.8704
0.25199 21.2168 0.000905 1.31187 -0.0152 21.0632
0.2526 21.2092 -0.037725 0.13554 0.0051 21.13
0.2526 21.1536 0.023193 0.87784 -0.0365 21.1118
0.2533 21.1158 -0.119666 1.00288 0.0577 20.7079
0.25358 20.7773 0.046591 0.20597 -0.1049 20.8385
0.25407 21.2016 -0.00958 -0.18853 -0.097 21.1552
0.25616 21.3928 -0.009798 -0.142041 -0.0495 21.3864
0.2562 21.3063 -0.017906 -0.608145 -0.0985 21.2946
0.25637 21.1199 -0.003459 -0.045383 -0.1018 21.0665
0.25683 21.2493 -0.016896 -0.334178 -0.0939 21.2049
0.25731 21.3246 0.013695 0.49449 -0.0983 21.2481
0.25736 21.2411 -0.058339 0.40554 -0.0317 21.0216
0.25772 21.3558 0.042488 0.26195 -0.1351 21.3658
0.25813 21.275 0.038094 0.45804 -0.0826 21.295
0.25859 21.2133 -0.192329 0.79943 0.1177 20.6708
0.25865 21.257 -0.047872 -0.717921 -0.0217 21.2455
0.25904 21.2888 -0.053138 0.6089 -0.0209 21.0661
0.25919 21.0349 -0.060941 -1.03114 0.0109 21.0619
0.25923 21.1725 -0.034521 0.99679 -0.0264 20.9447
0.25948 21.2708 -0.081037 0.17528 0.005 21.0518
0.25952 21.189 -0.103946 1.27608 0.0519 20.7837
0.26062 21.2503 -0.088821 0.89957 0.033 20.9283
0.26094 21.3598 -0.069844 0.77423 -0.0132 21.0688
0.26141 21.194 0.062545 -0.545934 -0.1892 21.3311
0.26162 21.1652 0.016902 1.04854 0.0191 21.1343
0.26172 21.4344 -0.102401 1.4185 0.1044 21.0653
0.26173 21.428 -0.056784 -1.08884 -0.0893 21.3761
0.26175 21.139 -0.11692 -0.927163 0.0146 20.9813
0.26184 21.4405 0.075467 -1.28381 -0.2327 21.683
0.262 21.4686 -0.036814 0.18686 -0.0397 21.3399
0.26303 22.0111 0.089996 -1.19961 -0.2475 22.2713
0.26323 21.3858 -0.024479 -0.491573 -0.0488 21.3862
0.2636 21.1467 0.027152 -1.08753 -0.0429 21.4006
0.26393 21.3058 0.009945 0.061111 -0.0672 21.3127
0.26397 21.0505 0.008298 -1.2314 -0.0657 21.2445
0.26408 21.3812 -0.014762 -0.043308 -0.0944 21.2999
0.26419 21.2544 -0.02419 0.56901 -0.0285 21.1196
0.2646 21.2623 -0.04266 0.92592 0.0135 21.0597
0.26463 21.4189 -0.01842 0.29704 -0.0827 21.2878
0.26582 21.3557 -0.170282 1.03624 0.1739 20.9025
0.26583 21.0714 -0.190793 -0.098044 0.149 20.6973
0.2664 21.0371 -0.010845 0.68288 -0.0481 20.9072
0.267 21.2933 -0.041716 0.94365 -0.0129 21.0646
0.26791 21.2573 -0.111056 0.51536 0.0284 20.9187
0.26818 21.2093 -0.040358 -0.61215 -0.0362 21.1911
0.26859 21.326 -0.11427 0.33674 0.0207 20.9961
0.2686 21.2023 0.041409 -0.071459 0.0476 21.4409
0.26887 21.3509 -0.083627 1.39048 0.0929 21.0325
0.2702 21.3833 -0.088706 0.21729 0.0268 21.1562
0.27021 21.2559 -0.097817 0.34724 0.0142 20.9688
0.27057 21.2609 0.1018 -0.352962 -0.1195 21.5607
0.27094 21.2357 -0.074508 -1.16728 0.0019 21.2318
0.27141 21.3147 -0.139588 0.51938 0.0467 20.9056
0.27276 21.2885 -0.116241 0.33299 0.0332 20.9656
0.27351 21.2191 -0.017309 -0.662822 -0.1118 21.204
0.27456 21.4869 0.24526 0.89614 -0.2023 21.9632
0.27509 21.5239 0.015308 0.84021 0.0062 21.5059
0.27516 21.2756 0.069821 -0.048666 -0.0034 21.5476
0.27585 21.4101 -0.136189 -1.22544 0.0436 21.2657
0.27631 21.4219 -0.083775 0.73313 0.0164 21.1235
0.27668 21.5974 -0.007167 -1.09129 -0.1487 21.64
0.27776 21.3656 -0.000197 0.80612 -0.0318 21.2666
0.27782 21.6657 0.032117 1.14771 -0.0565 21.5916
0.27935 21.4507 -0.121032 -0.167927 0.0402 21.1938
0.2799 21.2526 -0.011011 -1.44873 -0.1659 21.3188
0.27995 21.3134 -0.08678 0.395 0.0264 21.0656
0.2806 21.4133 -0.080199 1.40212 0.044 21.0549
0.28132 21.3694 -0.088411 1.35117 0.0905 21.0396
0.28207 21.3456 -0.100205 0.72832 0.0417 21.0224
0.28266 21.491 0.084183 0.069882 0.0887 21.8821
0.28344 21.4066 -0.04344 0.38221 -0.0542 21.2141
0.28405 21.3205 -0.083275 -0.286852 0.0172 21.1749
0.28446 21.2901 -0.033232 0.67229 -0.0212 21.1194
0.28446 21.4389 -0.028769 0.25329 -0.08 21.285
0.28478 21.8605 -0.189959 0.23323 0.1956 21.4867
0.28557 21.4516 -0.04501 -0.189971 -0.0357 21.3571
0.28588 21.418 -0.08565 -0.339335 -0.0001 21.2556
0.28665 21.3859 -0.105522 1.11566 0.0767 21.0241
0.28734 21.3161 0.077783 -0.694772 -0.2536 21.4579
0.28758 21.2849 0.026192 1.7352 0.0341 21.1963
0.28775 21.6223 -0.066086 1.34109 0.0669 21.3394
0.28814 21.4545 -0.05984 -1.76264 -0.0176 21.5644
0.28844 21.496 -0.105518 0.5164 0.0227 21.1686
0.28854 21.4928 -0.008426 1.3387 -0.0197 21.302
0.28894 21.6903 -0.122793 0.48479 0.0596 21.3511
0.28901 21.4898 -0.105114 -0.791314 -0.0152 21.3187
0.28905 21.4233 -0.057558 0.55025 0.015 21.2315
0.28907 21.449 0.056702 -0.883251 -0.0075 21.7995
0.28949 21.7235 -0.032902 0.4525 0.0012 21.6086
0.28995 21.4863 0.08957 -0.973027 -0.098 21.8612
0.29008 21.4768 0.080877 0.41943 -0.1066 21.6108
0.29045 21.5331 -0.037472 0.87616 -0.006 21.3343
0.29123 21.231 0.006058 0.5424 -0.079 21.1431
0.29193 21.5076 -0.09328 1.17465 0.043 21.1412
0.29196 21.5123 -0.072516 0.40336 0.0199 21.3008
0.29215 21.4975 -0.109903 -0.727968 -0.0095 21.3079
0.29221 21.1699 0.22214 0.15621 -0.0814 21.8047
0.29251 21.3848 -0.125515 -0.124814 0.0375 21.105
0.29256 21.4422 -0.037111 -0.991977 -0.0432 21.4829
0.29293 21.4928 -0.154845 0.20797 0.0614 21.0971
0.29298 21.5738 -0.103213 -0.039606 0.0325 21.3454
0.29365 21.604 0.032189 0.60496 -0.1319 21.5348
0.29504 21.509 -0.069058 0.81245 0.0195 21.2475
0.2958 21.7679 0.054401 -2.38106 -0.3454 21.9944
0.29587 21.7459 -0.07123 -0.00705 0.0096 21.5886
0.29647 21.7408 -0.131525 0.8034 0.0933 21.3613
0.29692 21.4065 -0.091453 0.13994 -0.0097 21.1458
0.29695 21.4975 -0.011937 1.83152 0.0582 21.301
0.29853 22.0175 0.024878 0.80539 -0.0707 21.9573
0.29855 21.4009 -0.078852 -0.223568 0.0128 21.2553
0.29893 21.6665 -0.139126 0.46651 0.0925 21.3123
0.29933 21.7583 0.078107 1.64631 -0.0391 21.7702
0.29945 21.7683 -0.185897 0.2774 0.11 21.315
0.29947 21.4805 0.035333 0.008509 -0.1805 21.4604
0.3002 21.7307 -0.02004 -0.985644 -0.048 21.8186
0.3003 21.6265 -0.021944 0.31208 -0.0825 21.4825
0.30089 21.9199 0.11893 0.30461 -0.0315 22.2636
0.30142 21.6055 -0.052851 0.13433 0.0008 21.4754
0.30152 21.8556 -0.104472 1.76431 0.0929 21.4176
0.30251 21.6364 -0.066492 0.80778 0.0161 21.3801
0.30304 21.5674 0.096184 -1.23765 -0.1062 21.9936
0.30352 21.6674 -0.092491 0.54176 0.0042 21.3581
0.30365 21.8248 0.016252 -0.460854 -0.1845 21.8109
0.30404 21.466 -0.017824 0.15425 0.0022 21.4427
0.30406 21.4522 -0.029144 1.13593 -0.0054 21.2415
0.30476 21.7881 0.039785 -0.073607 0.0031 21.9775
0.30486 21.6488 -0.048355 0.87031 -0.0208 21.4025
0.30526 21.3394 -0.05435 -2.03834 -0.163 21.3615
0.30538 21.6524 -0.029882 0.7119 -0.0435 21.4639
0.30548 21.7511 0.12966 0.19459 -0.1616 22.0141
0.30581 21.6921 0.033503 -0.431367 -0.0981 21.8136
0.30652 21.6429 -0.130419 -1.46628 0.04 21.5483
0.30681 21.907 -0.106362 -0.293107 0.0258 21.6995
0.30691 21.7043 -0.125321 0.1972 0.043 21.3831
0.30818 21.9488 -0.050766 0.31474 -0.0354 21.7624
0.30834 21.7003 0.001648 0.49123 -0.1123 21.5731
0.30878 21.7424 -0.097956 -0.495911 0.0172 21.5823
0.30922 21.793 -0.131867 -0.64651 0.021 21.554
0.30938 21.7227 -0.138414 0.1473 0.0659 21.3912
0.30949 21.7647 0.017108 -1.95275 -0.2758 21.8823
0.30962 21.467 -0.089551 1.25663 0.0888 21.1459
0.31052 21.3667 0.14708 0.89671 0.0387 21.7803
0.31061 21.7432 -0.086288 -0.072398 -0.0297 21.5097
0.31088 21.793 -0.106013 -0.711815 0.0119 21.6345
0.31144 21.7593 -0.081778 -0.749021 -0.0054 21.6639
0.31179 21.7847 -0.015518 -0.710594 -0.0142 21.8798
0.31203 21.6973 -0.044098 0.99511 0.0144 21.4809
0.31262 21.7035 -0.096007 0.17184 0.0131 21.4467
0.31267 21.7822 0.20479 -0.270168 -0.1693 22.3384
0.3127 21.3709 -0.087714 1.27633 0.0894 21.0532
0.31296 21.7665 -0.026058 -0.844202 -0.0439 21.819
0.31303 21.7531 -0.052451 -0.246054 -0.0246 21.655
0.31387 21.7698 -0.052097 0.13675 -0.0726 21.5684
0.31453 21.8721 -0.053234 -0.639897 -0.0372 21.8171
0.31506 21.7664 -0.034455 0.13985 -0.0949 21.5967
0.3152 21.6307 -0.088755 0.75536 0.041 21.3382
0.31588 21.9503 0.00051 -1.49092 -0.0898 22.1345
0.31593 21.68 -0.134286 -2.2304 -0.0529 21.5933
0.31623 21.9449 0.051906 2.09309 0.0277 21.8767
0.31782 21.8208 -0.075806 0.29458 -0.0131 21.5823
0.31804 21.8242 -0.150532 0.15139 0.0677 21.4564
0.31822 21.7669 -0.089682 -1.04365 -0.0052 21.6907
0.3185 22.0815 0.055375 -0.621684 -0.1201 22.2767
0.31901 21.888 -0.071328 -0.219314 -0.0213 21.7309
0.31901 21.6411 -0.093532 -0.438241 0.0003 21.4692
0.32096 21.9785 -0.100745 -1.1083 0.0032 21.886
0.32104 21.7016 -0.089222 0.40814 -0.0007 21.4172
0.32118 21.9391 0.052518 0.35082 0.0111 22.1132
0.32206 21.4741 0.042623 -2.28164 -0.131 21.8639
0.32223 21.6098 -0.056953 -0.733564 -0.0377 21.5566
0.32223 21.6244 -0.008658 -0.170571 -0.0557 21.6195
0.32276 21.6786 -0.170281 0.68821 0.1756 21.2785
0.32446 21.8169 -0.046011 -0.156457 -0.0249 21.7252
0.32548 21.9743 0.007324 0.33582 -0.0816 21.9183
0.3256 22.0095 0.184 0.7217 -0.1993 22.3251
0.3258 21.9109 -0.026384 -0.183659 -0.1481 21.7607
0.32581 21.7948 -0.109591 -0.3176 0.0392 21.5944
0.32632 21.7974 -0.120744 0.41024 0.055 21.4709
0.32804 21.7472 -0.01995 -0.04895 -0.144 21.6012
0.32842 22.0549 0.18093 0.6411 -0.2017 22.3705
0.32848 22.098 -0.1361 -0.97148 0.0416 21.9145
0.32851 21.681 0.10222 1.44162 -0.0018 21.835
0.32868 21.8186 -0.135438 0.95058 0.0736 21.3855
0.32868 21.847 -0.041371 -1.32563 -0.0335 21.9336
0.32871 21.6746 -0.071776 0.96541 0.026 21.3887
0.32907 21.8036 -0.027196 0.43224 0.0002 21.7083
0.32941 22.1579 -0.088457 -0.654623 -0.0673 21.966
0.32952 21.9861 0.039627 -0.236791 -0.114 22.082
0.32968 21.8501 -0.132959 -0.224925 0.0486 21.5731
0.32995 21.5914 -0.0186 1.23542 -0.0085 21.3955
0.33047 21.9776 -0.127324 -0.223776 0.0351 21.7044
0.33056 21.9144 0.022464 0.019909 -0.0058 22.0275
0.33063 21.9159 -0.054289 0.23506 -0.0642 21.7016
0.33089 21.9056 0.078209 -2.18801 -0.1651 22.3576
0.3309 21.743 -0.094638 -0.443611 -0.001 21.5672
0.33103 21.7568 -0.023031 0.65439 -0.0409 21.6006
0.33147 21.7771 0.002288 -0.330148 -0.052 21.8333
0.33147 21.9805 -0.106083 -1.04485 -0.0657 21.7933
0.33147 21.8482 -0.025137 0.32993 -0.0222 21.752
0.33189 21.7619 -0.069968 0.93764 -0.0068 21.4528
0.33237 21.724 -0.076219 -0.133034 0.0175 21.5778
0.33298 22.0769 -0.091964 0.67028 0.0288 21.7749
0.3335 21.7495 -0.088758 0.16952 0.0271 21.5295
0.3335 21.7836 -0.073226 0.98387 0.0211 21.4855
0.3345 21.8674 -0.055892 1.02797 0.0116 21.6069
0.33498 21.7721 -0.006037 0.91231 -0.0091 21.6621
0.3351 21.7712 -0.107057 0.58377 0.0417 21.4482
0.33671 21.7837 0.014712 0.91215 -0.0576 21.6894
0.33749 21.9148 0.059501 0.6656 -0.1163 21.9367
0.33751 21.7568 0.15267 -0.572393 -0.2046 22.1611
0.33762 21.8947 -0.028528 1.22584 0.014 21.692
0.33778 21.9007 0.045312 -0.467569 -0.0134 22.1488
0.33818 21.892 -0.045933 -0.239354 -0.0477 21.79
0.33848 21.8601 -0.091539 0.11671 -0.0028 21.6094
0.33897 21.8025 0.15165 0.77205 0.0232 22.2332
0.34061 21.9207 -0.012868 0.60401 0.0205 21.8647
0.34098 21.8057 -0.065658 -1.8697 -0.0487 21.8822
0.34111 21.8111 -0.079736 1.77606 0.1591 21.5141
0.34169 21.9592 0.14044 -0.448635 0.0007 22.5127
0.34446 22.0551 -0.031981 -2.12696 -0.0425 22.2799
0.34448 22.0384 -0.021304 -1.23716 -0.0848 22.1226
0.34487 21.9803 -0.063723 -1.42584 -0.0201 22.0259
0.34545 21.9503 -0.025521 0.48129 -0.0615 21.7913
0.34602 22.0788 -0.048694 -1.15321 -0.0177 22.1331
0.34696 22.1633 -0.049839 -1.3328 -0.0583 22.1999
0.34717 21.8644 0.15505 0.84013 -0.1833 22.0891
0.34881 22.1191 0.028298 0.68208 -0.0375 22.1208
0.3491 21.9969 -0.095267 0.21655 0.0177 21.7405
0.34912 22.029 -0.001271 -0.019797 -0.0107 22.0697
0.34932 21.8876 -0.040489 1.42331 0.0346 21.6394
0.34939 21.9503 -0.052518 -1.76662 -0.0605 22.0405
0.34949 21.752 0.07825 -1.78672 -0.0646 22.2453
0.34949 22.1226 -0.082964 -0.072317 0.0338 21.9629
0.34949 21.8996 -0.069932 0.19676 -0.0062 21.7006
0.34968 22.2343 -0.094235 0.54894 0.0207 21.935
0.35015 21.9337 -0.118885 0.89971 0.0532 21.5389
0.35059 21.9812 -0.050007 0.45123 -0.0105 21.8019
0.35099 22.0002 -0.053551 0.81669 -0.0256 21.741
0.35149 22.2268 0.030983 -0.672411 -0.0578 22.4164
0.35149 22.0813 -0.121334 0.18728 0.0422 21.7731
0.35372 22.1127 -0.027099 -0.217029 -0.0711 22.0422
0.35519 22.2117 0.005725 1.30429 0.0314 22.1208
0.35774 22.1044 -0.014913 0.38041 -0.1384 21.9161
0.358 22.1009 0.003317 0.8681 0.0015 22.037
0.35842 21.9893 0.070978 -0.394488 -0.0748 22.2446
0.3585 21.8954 0.051992 0.10146 0.0635 22.1572
0.35909 21.9002 0.088909 1.80122 0.0858 22.0476
0.35909 22.1899 -0.066643 1.1236 -0.0009 21.8695
0.35946 22.1683 -0.099031 -1.7601 0.0098 22.1839
0.36017 21.934 -0.023063 0.43068 -0.0327 21.8188
0.36034 21.8261 -0.000515 -0.615294 -0.0984 21.8693
0.36091 22.1798 -0.128528 -0.22339 0.0324 21.9001
0.36147 21.8629 -0.037313 -0.184653 -0.0646 21.7626
0.3628 21.9922 -0.059163 0.50455 0.0084 21.7957
0.36325 22.111 0.022532 0.79069 -0.068 22.0484
0.36499 22.2096 0.040013 0.16653 -0.0677 22.2935
0.36623 21.883 -0.057445 -0.430147 -0.0423 21.7789
0.36656 21.9797 -0.074744 0.5017 -0.0185 21.7085
0.36713 21.9558 -0.074861 -0.443849 -0.009 21.8332
0.3679 22.0097 -0.051356 0.82654 0.0 21.7814
0.36799 22.2169 -0.097547 0.78582 0.0436 21.8953
0.36839 22.2949 -0.012944 -0.892535 -0.0585 22.3804
0.36857 22.21 0.19216 0.08645 -0.017 22.8268
0.36962 22.1968 -0.172779 0.085321 0.1113 21.8137
0.36987 21.9655 -0.188739 -0.623954 0.1012 21.6275
0.37023 22.1264 -0.128463 0.58467 0.0563 21.7516
0.37052 22.1229 -0.021378 -0.854231 -0.0392 22.196
0.37053 22.1303 -0.072812 0.2366 0.0255 21.9481
0.37057 22.3865 -0.104564 0.72897 0.0372 22.0453
0.37062 22.02 0.040328 -0.897467 0.0283 22.3578
0.37062 21.8168 -0.16138 0.92407 0.0892 21.323
0.37095 22.1568 0.033587 1.50773 -0.0362 22.0544
0.37138 22.081 -0.051093 0.50769 0.0053 21.9058
0.37153 22.1312 -0.110945 0.89801 0.0312 21.7392
0.37153 22.1759 -0.058701 -0.704725 0.0251 22.1759
0.37353 22.0584 -0.133616 -0.841889 0.0595 21.8814
0.37436 22.2192 -0.119822 -0.021827 -0.003 21.9013
0.37676 22.1625 -0.091935 0.65034 0.0314 21.866
0.37805 22.1068 0.069898 -0.759674 -0.1066 22.3808
0.37852 22.1741 -0.118133 -0.722859 0.0009 21.9688
0.37991 22.0429 -0.147113 0.32675 0.0905 21.6827
0.37997 22.1624 -0.056155 0.58051 -0.0405 21.915
0.38061 22.2084 -0.141546 1.06665 0.0908 21.7566
0.38092 22.1981 0.007796 -0.198455 -0.0786 22.2253
0.38129 22.2019 0.046016 0.037742 -0.0923 22.2987
0.38153 22.4245 0.11588 -2.14572 -0.2623 22.8895
0.38185 22.3085 -0.047299 -0.249703 -0.0507 22.2007
0.38248 22.1196 -0.083796 -0.492266 -0.03 21.9555
0.38291 22.1148 -0.061217 0.92736 -0.0113 21.8298
0.38402 22.2652 -0.043944 1.20074 0.023 22.0276
0.386 22.2687 -0.035464 0.63592 -0.0573 22.0603
0.38672 22.1261 0.04348 -0.428011 -0.0309 22.3452
0.38744 22.3037 -0.114866 -1.55286 -0.0534 22.1766
0.38781 22.3772 -0.007223 0.71518 -0.0791 22.2227
0.38895 22.13 -0.105913 0.39196 0.0213 21.8184
0.38949 22.291 -0.049076 -0.738145 -0.0237 22.2768
0.39255 22.2212 0.10879 0.28158 -0.1919 22.3766
0.3951 22.2147 -0.013841 -0.12531 -0.0614 22.1814
0.39706 22.006 -0.119061 -0.156976 0.037 21.7504
0.39944 22.4589 0.096328 0.53931 -0.1149 22.6147
0.4005 22.2388 -0.007026 -0.724544 -0.0473 22.3291
0.40221 22.2265 -0.065938 0.4872 -0.0364 21.9668
0.40293 22.2948 -0.214869 -0.553118 0.1065 21.8709
0.40368 22.363 -0.013501 -0.472817 -0.0642 22.3792
0.40463 22.4217 -0.076405 -0.391332 0.0355 22.3311
0.40483 22.0843 -0.011177 -0.300281 -0.105 22.0414
0.4055 22.5277 -0.054287 -0.984383 -0.0169 22.5406
0.40646 22.4384 -0.056722 -0.022674 -0.0002 22.3186
0.40895 22.4472 0.016428 1.09764 0.0074 22.3959
0.4092 22.4875 0.15735 0.011752 -0.1737 22.851
0.40935 22.4531 -0.035779 0.8724 -0.0398 22.2264
0.40949 22.4254 -0.04525 0.42847 0.0205 22.2952
0.41004 22.4306 -0.013278 0.32073 -0.0875 22.3072
0.41123 22.409 0.061551 -0.210951 -0.1072 22.5756
0.4114 22.5805 0.065034 0.024134 -0.1279 22.7025
0.41161 22.5601 -0.059074 -0.200691 -0.0576 22.4019
0.41266 22.5363 0.045007 -0.059558 -0.0262 22.7104
0.41657 22.4765 -0.056956 0.37739 -0.0184 22.2787
0.41857 22.3644 -0.022405 1.14278 0.0216 22.2005
0.41936 22.4333 -0.094462 0.88133 0.0177 22.0813
0.41939 22.2074 0.043221 0.5774 -0.1244 22.1839
0.4196 22.6132 0.039665 1.26529 0.0273 22.6288
0.41965 22.5451 0.000776 -0.262506 0.0293 22.668
0.41995 22.1864 0.11821 1.40686 0.0437 22.4404
0.42036 22.5813 -0.221439 0.48719 0.1631 22.0402
0.42088 22.3648 -0.098018 0.22138 0.0297 22.1111
0.42094 22.475 0.011272 -0.895791 -0.1652 22.5292
0.42195 22.2806 -0.064849 -0.599282 -0.0284 22.1925
0.42247 22.3953 0.073059 1.2311 -0.0294 22.4626
0.42249 22.4266 -0.150611 -0.033141 0.0585 22.0767
0.42348 22.3425 -0.125277 -0.01735 0.0227 22.0328
0.4236 22.5873 0.15761 -0.195418 -0.2847 22.8712
0.42399 22.4734 -0.025892 0.30297 -0.054 22.3471
0.42459 22.4953 -0.086966 -1.43009 -0.0063 22.4835
0.42568 22.4509 -0.041385 -0.250086 -0.044 22.3682
0.42602 22.4987 -0.117124 -0.153105 0.0222 22.2338
0.427 22.56 -0.00449 1.07494 -0.0135 22.4264
0.42703 22.5818 -0.040908 0.56071 -0.0515 22.3735
0.42793 23.0227 -0.045089 0.54092 -0.0486 22.8073
0.42859 22.6295 0.15153 0.8842 0.1119 23.1319
0.42895 22.3913 -0.084385 -0.768802 -0.034 22.2621
0.42903 22.5736 0.025447 0.99322 0.0022 22.5603
0.42976 22.6689 -0.071454 -0.773417 -0.0528 22.5616
0.4302 22.5824 -0.15907 0.16631 0.0624 22.1808
0.43494 22.5298 -0.064072 0.80878 0.0283 22.293
0.43546 22.3309 -0.049905 -0.394047 -0.023 22.2642
0.43683 22.7521 -0.030455 -0.769832 -0.0956 22.7283
0.4376 22.3723 -0.066592 0.6708 0.0149 22.1347
0.43783 22.629 0.1309 1.74637 -0.0421 22.7864
0.4389 22.2149 0.012551 -0.406788 -0.0419 22.3242
0.43891 22.4152 -0.163924 -0.520101 0.0533 22.0907
0.43935 22.5732 0.060541 0.10818 -0.1478 22.6491
0.44013 22.8871 -0.148968 0.30821 0.06 22.4934
0.44067 22.3834 -0.169948 -0.476279 0.0642 22.0448
0.44149 22.4293 -0.05447 0.11357 -0.0343 22.2623
0.44245 22.5993 -0.1027 -0.148795 0.0229 22.379
0.44263 22.6509 -0.036948 1.15088 -0.0283 22.3909
0.44361 22.54 -0.016097 -1.56881 -0.0411 22.7329
0.44391 22.5539 0.003853 -1.28981 -0.104 22.7045
0.44764 22.6022 0.023926 1.08695 -0.0349 22.5333
0.44886 22.6323 -0.133767 0.76252 0.0733 22.2319
0.44891 22.7345 -0.032993 0.36335 -0.0073 22.6239
0.45068 22.3916 0.020054 -0.410302 -0.166 22.4005
0.45106 22.6751 -0.086544 1.09102 0.0337 22.3327
0.45162 22.3362 0.022769 -1.60336 -0.0605 22.635
0.45162 22.7393 -0.168766 1.0436 0.1217 22.2376
0.45163 22.4632 0.18447 -0.238989 -0.1454 22.9759
0.45218 22.7429 -0.089959 1.29535 0.0651 22.3911
0.45328 22.5423 0.004591 1.37354 0.0301 22.4364
0.45346 22.6333 -0.107621 0.30168 0.0145 22.3229
0.45458 22.5343 -0.032485 -1.04445 -0.0584 22.5819
0.45477 22.631 -0.003673 -0.608733 -0.0786 22.6832
0.45885 22.7149 -0.104345 0.83591 0.05 22.3713
0.46064 22.7491 -0.051565 1.77853 0.1006 22.4803
0.46104 22.7632 -0.095982 1.61547 0.113 22.3935
0.46164 22.7309 -0.055792 -0.744735 -0.018 22.7026
0.46643 23.0894 0.1162 0.35918 0.0835 23.5316
0.46654 22.795 -0.09831 0.97228 0.0551 22.455
0.46842 22.7203 -0.068908 1.53692 0.0397 22.3726
0.46887 22.5101 0.01603 -0.263078 -0.042 22.6088
0.47042 22.9621 0.15107 0.43812 0.0857 23.5027
0.47065 22.7605 -0.086917 -1.38814 0.0179 22.7669
0.47163 22.7268 -0.023633 2.78838 0.2025 22.4973
0.47204 22.7844 0.030698 -0.00518 -0.038 22.8945
0.47565 22.685 -0.114695 -0.010367 0.0616 22.4458
0.47786 22.9739 -0.191584 0.29534 0.1438 22.5341
0.47941 22.6165 -0.120877 0.73728 0.0672 22.2535
0.47946 22.7577 -0.086369 1.12072 0.0509 22.4286
0.47988 22.6426 -0.013152 1.67949 0.0489 22.4554
0.48064 22.7511 -0.043171 -0.215323 -0.0262 22.6755
0.48065 22.7218 -0.064525 1.12022 -0.0089 22.4005
0.48164 23.0525 -0.146093 0.78104 0.1018 22.6398
0.48888 22.8312 -0.076919 0.54116 0.0399 22.6058
0.49244 23.0253 0.11219 0.57864 -0.0557 23.2836
0.49499 22.8291 -0.010445 -0.102443 -0.0783 22.786
0.49566 22.8923 -0.089378 -0.463147 -0.0079 22.7287
0.49579 22.8287 -0.105749 -0.734029 0.0343 22.6967
0.49739 22.8738 -0.029528 0.11363 0.0228 22.8409
0.50067 23.004 -0.001945 0.48238 0.0293 23.0085
0.50098 22.8635 -0.053186 -0.789588 -0.1219 22.7461
0.50282 22.908 -0.081994 -0.986243 -0.0435 22.8089
0.50285 22.8173 -0.090771 0.47249 0.0094 22.5287
0.50306 22.8954 0.087471 0.78419 -0.1783 22.9243
0.50316 22.8914 -0.017318 1.26007 0.0339 22.7383
0.50593 22.826 -0.047022 -0.073679 -0.0493 22.6946
0.50615 22.8513 -0.096698 0.43001 0.0342 22.5755
0.50725 22.9828 -0.099527 -0.257752 -0.037 22.7285
0.50739 22.9889 0.16478 0.87099 -0.1209 23.3015
0.50825 22.7663 -0.090519 0.031072 -0.0283 22.5059
0.51016 22.8415 -0.05022 0.41004 -0.0572 22.6209
0.51095 22.8053 0.061935 -0.357928 -0.2982 22.8038
0.51169 23.1355 -0.132852 1.58953 0.0861 22.6287
0.51387 23.0037 0.10301 0.98811 0.0849 23.3138
0.51437 22.9729 -0.076453 1.52402 0.052 22.616
0.51469 23.0729 0.14883 1.50549 0.1455 23.5089
0.51726 22.8402 -0.095133 0.46904 0.0105 22.5398
0.51883 22.9419 -0.001176 0.99517 -0.0075 22.8363
0.51885 22.9294 -0.060652 -0.019798 -0.0829 22.7142
0.51941 22.9908 -0.155318 -0.84248 0.0021 22.6893
0.51968 23.0375 -0.149118 0.82228 0.1003 22.6078
0.52271 23.0966 0.009597 1.1143 0.0443 23.0586
0.524 22.9244 0.086881 1.00794 -0.0286 23.0681
0.5262 22.9172 0.007527 1.17957 0.0008 22.8197
0.52859 22.8325 -0.007128 1.39309 -0.0134 22.6439
0.52937 23.0383 -0.09353 0.062978 0.0201 22.8123
0.53099 22.6272 -0.01457 -0.051584 -0.1567 22.4854
0.53111 23.2579 -0.056896 2.34125 0.1948 22.9837
0.53124 23.2723 -0.047113 -0.955679 -0.0651 23.2549
0.53225 22.7291 -0.102143 -1.03663 -0.0019 22.6167
0.53271 22.9942 0.039001 1.32981 0.0728 23.0438
0.53372 22.9119 0.072469 -0.578375 -0.0891 23.1846
0.53435 22.8903 0.066832 0.26236 -0.0764 23.0343
0.53534 23.0675 -0.158608 0.90843 0.1111 22.6065
0.53572 22.9604 -0.061048 0.93473 0.0377 22.7238
0.53942 23.0808 -0.041138 0.026628 -0.025 22.9771
0.54097 23.0261 0.093641 0.55454 -0.2962 22.9901
0.54152 23.277 -0.073277 0.39642 0.0113 23.0556
0.54545 23.3103 -0.17768 -0.068756 0.1022 22.9256
0.54834 22.7705 0.094616 0.65889 0.0564 23.0747
0.54881 22.9165 0.0502 -1.00983 -0.1737 23.0994
0.55021 23.0723 -0.072334 0.30618 -0.057 22.7988
0.55033 23.1198 -0.046447 0.76066 0.0362 22.9526
0.55046 23.1574 0.078639 -0.977931 -0.206 23.3913
0.55267 22.9408 0.074746 -0.56836 -0.0921 23.2161
0.55375 23.237 -0.040071 0.012264 -0.0236 23.1401
0.55384 22.8297 -0.090656 0.51154 0.0345 22.5608
0.55782 23.1859 -0.006298 -0.603782 -0.0466 23.2614
0.55882 23.4801 0.13383 0.66353 0.0393 23.8877
0.55882 23.0445 0.11205 0.27611 0.036 23.4386
0.56181 23.0407 -0.144062 0.14733 0.0823 22.7082
0.56269 23.3486 -0.199565 0.58233 0.1844 22.8823
0.56283 23.1766 -0.010986 -0.150829 0.0268 23.244
0.56437 23.1398 -0.065663 0.1508 -0.0079 22.959
0.56437 23.2351 -0.057212 -0.091575 -0.045 23.0791
0.56437 23.1439 0.002736 1.56836 0.0481 23.0214
0.56481 23.2343 -0.022819 1.23413 -0.0126 23.0214
0.56879 22.9877 0.046238 -0.270974 -0.124 23.099
0.57542 22.9382 -0.003464 -0.953102 -0.1387 22.9818
0.57577 23.3385 0.026828 0.18619 -0.0638 23.3826
0.57619 23.2357 -0.118083 1.01825 0.0836 22.8564
0.57668 23.1733 -0.087622 -1.34778 0.0281 23.1817
0.57737 23.392 -0.075282 -0.747352 -0.0399 23.282
0.5783 23.1644 -0.036908 0.52452 0.0336 23.0588
0.57831 23.1982 -0.022903 0.48285 -0.1384 22.9702
0.57882 23.1742 -0.050113 0.64671 0.0385 23.0147
0.57891 23.2787 -0.171461 0.20553 0.1396 22.9102
0.57967 23.1393 -0.004422 1.50416 0.0636 23.0197
0.58067 23.32 -0.082226 -0.501929 0.0498 23.242
0.5808 23.4531 -0.029281 0.99829 0.0388 23.3065
0.58301 23.2878 -0.106769 0.26232 0.0365 23.0079
0.5833 23.5444 -0.025054 0.22167 -0.0372 23.4494
0.58382 23.2235 -0.06898 0.21618 0.041 23.0717
0.58382 23.3959 -0.069032 -0.445335 -0.0002 23.3004
0.5839 23.1669 -0.072811 1.46332 0.0912 22.8694
0.58582 23.454 0.14468 1.08259 0.0316 23.8257
0.5873 23.3711 -0.005325 0.081442 -0.0473 23.3478
0.58879 23.2491 -0.071824 -0.077305 0.0427 23.1335
0.59029 23.2626 0.013796 0.99441 -0.0457 23.1652
0.59179 23.1978 0.007242 1.58203 0.0756 23.1148
0.60067 23.3586 0.09938 0.19268 -0.1151 23.5748
0.60155 23.5032 -0.115658 -1.44643 0.0104 23.4217
0.60328 23.4973 -0.069996 -1.55174 0.0077 23.5699
0.60626 23.3628 -0.043662 0.39047 -0.0268 23.1958
0.60827 23.3374 -0.10218 1.17176 0.077 22.978
0.60876 23.1752 0.033005 0.27286 -0.1012 23.1882
0.60878 23.3649 -0.123224 1.20129 0.1185 22.9775
0.60981 23.4346 0.058316 0.15684 0.0097 23.6539
0.61071 23.4156 -0.114016 -0.815949 0.0501 23.2859
0.61127 23.6519 0.019593 -0.328424 -0.0651 23.7482
0.61177 23.448 -0.120769 -0.291213 0.027 23.1969
0.61577 23.4555 0.1044 -0.021534 -0.0222 23.8117
0.61875 23.4634 -0.14065 -0.259603 0.0671 23.1863
0.61941 23.4418 -0.043508 1.51396 0.0671 23.2034
0.61983 23.5027 -0.168582 0.61215 0.1163 23.0598
0.6207 23.4458 -0.026444 -0.663056 -0.0021 23.5122
0.62183 23.3364 -0.049355 -0.307084 0.0237 23.3052
0.62525 23.4047 -0.076925 1.13855 0.0604 23.1117
0.62725 23.332 -0.002771 0.96367 0.0239 23.2576
0.63077 23.4102 -0.001731 -0.292514 -0.0665 23.4339
0.63183 23.0581 0.073098 -0.938128 -0.1449 23.33
0.63225 23.5963 -0.056573 0.21129 0.029 23.4716
0.63399 23.3442 -0.094591 1.05101 0.0674 23.0164
0.63777 23.2768 0.096759 -1.59949 -0.1172 23.7472
0.63794 23.6107 -0.197246 1.30773 0.3284 23.1886
0.63824 23.4064 0.086044 0.49764 -0.0298 23.6216
0.63873 23.5274 -0.226047 0.080251 0.286 23.155
0.63934 23.537 0.095583 -0.028619 -0.2192 23.67
0.64185 23.5946 -0.1167 -0.196789 0.0867 23.4018
0.64311 23.1079 0.10291 -0.03255 -0.2356 23.2478
0.64371 23.5462 -0.039643 -0.189327 0.0058 23.5098
0.64371 23.5504 -0.070931 0.60257 0.0401 23.3347
0.6477 23.566 0.024403 0.30349 -0.0287 23.6204
0.64852 23.7867 -0.114432 -0.297222 0.0185 23.5476
0.6487 23.4805 0.051673 -0.430921 -0.062 23.6943
0.64962 23.5275 -0.174674 0.49395 0.1914 23.1583
0.66213 23.7263 0.083271 0.45278 -0.1652 23.8042
0.6647 23.6168 -0.175117 0.58036 0.1884 23.2305
0.67072 23.8147 0.048163 0.65852 -0.1293 23.7896
0.67773 23.9721 -0.039608 0.67911 0.0087 23.8105
0.6819 23.5846 -0.16162 0.51418 0.1625 23.2239
0.68372 23.9186 -0.004655 0.71634 -0.0757 23.7752
0.68519 23.7636 -0.015862 -0.878255 -0.0469 23.8497
0.68872 23.5607 -0.111381 0.21014 0.0905 23.3282
0.68935 23.6005 -0.075709 1.02416 0.0239 23.2916
0.68936 23.7914 -0.139531 0.23704 0.0945 23.4718
0.69072 23.6613 0.17067 -0.146668 -0.1617 24.1014
0.69318 23.6632 -0.068748 -1.76537 -0.0034 23.7601
0.69718 23.7162 -0.138525 0.9689 0.1174 23.3147
0.69818 23.7141 -0.093002 0.6784 0.0739 23.4527
0.69918 23.6872 0.064232 0.19285 -0.0749 23.8349
0.69918 23.8161 -0.134624 0.63738 0.1036 23.4618
0.69932 23.8577 -0.146394 0.62483 0.1238 23.489
0.69992 23.8617 -0.008135 -2.64608 -0.0995 24.1799
0.7007 23.664 -0.012145 0.1376 -0.0756 23.583
0.70117 23.8438 -0.107437 0.03972 0.0844 23.6426
0.70192 23.6432 0.035143 -1.92656 -0.1398 23.9487
0.70192 23.7903 -0.026044 0.49593 -0.0111 23.6779
0.71571 23.7414 -0.065358 -0.842722 -0.0071 23.7089
0.71874 23.6209 -0.144845 -0.634411 0.1228 23.4418
0.71968 23.9108 -0.092282 0.40279 0.0227 23.6412
0.71969 23.717 -0.027696 0.3801 -0.0061 23.6216
0.72015 23.9082 -0.038183 -1.12101 -0.043 23.9649
0.72074 23.7929 -0.074608 0.24347 0.0505 23.6292
0.72674 23.8281 -0.076495 0.6191 0.0583 23.611
0.72774 23.755 -0.103106 -0.788686 0.0559 23.6608
0.72866 23.752 -0.24375 0.43716 0.3653 23.3515
0.73014 23.6656 0.013322 0.65989 -0.0344 23.6274
0.73161 23.9269 -0.051109 0.12272 -0.0521 23.751
0.73368 23.7315 -0.114244 -1.38223 0.0724 23.7069
0.73395 23.967 -0.136739 -1.35262 0.1337 23.9298
0.73495 24.0007 -0.082309 0.82938 0.0422 23.7185
0.73568 23.9277 -0.051033 -1.52666 -0.0251 24.0224
0.73596 23.9145 0.089997 0.36808 -0.0869 24.104
0.73675 23.739 -0.135768 0.78444 0.149 23.4048
0.74196 24.2283 -0.203948 0.36095 0.2143 23.8111
0.74276 23.8295 -0.039225 -0.408963 -0.0135 23.8075
0.74573 23.9145 -0.072819 0.93826 0.0327 23.6361
0.74607 23.7287 -0.034175 0.80413 0.0159 23.5727
0.74911 23.6866 0.014048 1.1487 -0.0544 23.5586
0.7493 23.9242 -0.170737 -0.31553 0.1187 23.6139
0.75074 23.6482 -0.035144 0.54287 0.0091 23.5209
0.75899 23.9939 -0.017957 1.53089 0.0578 23.8227
0.76076 23.8137 -0.040765 -0.223091 -0.0319 23.741
0.7611 23.9237 0.00798 1.1215 -0.0471 23.7882
0.76165 23.878 -0.054731 0.16435 0.0227 23.7596
0.76566 23.9839 0.016494 0.17992 -0.0944 23.9664
0.76666 24.1694 -0.12298 0.90425 0.1449 23.853
0.76674 24.1093 -0.002753 0.53015 -0.0681 24.0069
0.76709 24.3057 -0.170684 0.66935 0.1848 23.9164
0.76865 24.0399 0.091841 -0.434616 -0.1768 24.2636
0.76932 23.9638 -0.072879 0.49328 -0.0067 23.7114
0.77309 24.1038 -0.130707 0.97441 0.1569 23.7652
0.77929 23.7865 0.005263 0.16641 -0.1508 23.6798
0.78807 24.0512 -0.118113 1.39711 0.1638 23.6961
0.78907 24.1307 -0.036025 0.82118 -0.0123 23.9382
0.78928 23.9465 -0.131927 0.62967 0.0998 23.5979
0.79662 23.6496 0.1049 0.68862 -0.0785 23.8463
0.79863 24.1808 -0.041492 -1.02335 -0.0327 24.2232
0.83981 24.107 -0.043251 -0.230878 0.0081 24.0678
0.83981 23.9482 -0.030019 0.25173 0.0214 23.8921
0.85482 24.3638 -0.085947 -0.824225 -0.0005 24.2716
0.93585 24.2801 -0.041768 -0.02741 -0.0225 24.1849
0.97423 24.8581 -0.058978 1.71255 0.1076 24.583
1.01242 24.8647 0.017145 -0.184779 -0.0239 24.9734
1.01988 25.0227 -0.157238 0.17306 0.098 24.6613
1.02088 24.7176 -0.046352 0.2346 0.0103 24.6023
1.02789 25.2834 -0.193715 1.99519 0.2852 24.7277
1.04817 25.1699 -0.194965 -0.530542 0.1062 24.8039
1.12092 25.1875 -0.125109 0.5904 0.0943 24.8602
1.23225 25.0677 -0.050589 -1.63447 -0.0374 25.1674
1.23597 25.652 0.044672 -0.135575 -0.0882 25.7743
1.29911 25.6111 -0.056718 0.62301 0.0432 25.4394
1.3041 25.4676 -0.08166 -0.372507 0.0064 25.3288
1.30611 25.7667 0.09498 -1.61117 -0.0809 26.2696
1.31317 25.5337 -0.072436 -0.449281 0.0102 25.4385
1.3291 25.6215 -0.095731 0.9656 0.0944 25.3298
1.34101 25.5011 0.034526 0.88483 0.0162 25.546
1.35136 25.2962 0.003881 1.17151 0.0446 25.2323
1.35608 25.5564 -0.07088 -0.703205 0.0011 25.4945
1.39103 25.5414 0.11564 0.83819 -0.0961 25.7316
1.41633 25.2049 0.11595 0.5635 -0.0484 25.4843
1.5429 25.8372 0.13327 2.34906 0.1824 26.1376
1.54901 26.04 -0.201856 -0.51191 0.2043 25.748
1.61505 25.9065 0.063905 0.94408 -0.0203 25.9969
1.69706 26.0333 -0.164422 0.99124 0.268 25.699
1.80119 26.2335 -0.024483 -0.544536 -0.0968 26.1937
1.91165 26.1703 0.063709 -1.65392 -0.3835 26.2802
2.26137 26.9298 0.11885 0.03023 -0.5356 26.8097
